1.438939711889438674e-199 4.533374527280324001e-02
3.072909260631084017e-226 1.090972402858257639e-01
1.378841009166213257e-213 1.173743084872853892e-01
8.909955625552642365e-233 7.623137298833800035e-02
9.716885927632503385e-220 1.258455312498526768e-01
1.882519656562695965e-216 1.243581514033583468e-01
1.946018534268589116e-55 2.172526306082566277e-56
5.518295484884176105e-49 2.592301314054911729e-63
1.360338707170504910e-51 2.067780393247245484e-60
1.661652952597701111e-57 2.424417525525888010e-54
3.501318064318040283e-58 1.090135648069471696e-53
3.629168162770999095e-49 4.178535152289511637e-63
3.879565075058745822e-59 8.837903159934042613e-53
1.128102398946962850e-53 3.378571485505682765e-58
5.472553267992534538e-50 3.530486367566061506e-62
2.779884748139405987e-47 2.739067192825060654e-65
2.050315188414015946e-212 1.131549848507590605e-01
2.626545470347062574e-221 1.240391024402644204e-01
7.293791295406971864e-220 1.257603817858360673e-01
2.672093860700005057e-230 8.950984998355977773e-02
2.108976288814064700e-54 1.917922330488215257e-57
9.733425855969973769e-65 9.451198638191067551e-48
2.324014220059256283e-51 1.155199130755258223e-60
2.619417912863960373e-200 4.906340257270645072e-02
1.029705276054783743e-49 1.737111921671307206e-62
3.533001926306316008e-61 6.860161993479338013e-51
1.055017384892189898e-61 2.048957138937430433e-50
3.322485902532002680e-66 1.636136621544169246e-46
4.433632678947177299e-50 4.467344729036533275e-62
2.773849682233438130e-61 8.546768066612423340e-51
1.466522127259608454e-61 1.522220460831893508e-50
1.705616233286019198e-55 2.481444314852776771e-56
6.604471104514599289e-203 6.309446952706043721e-02
6.334804891564642356e-221 1.246249172437433883e-01
4.506341138052475900e-47 1.546459760140542572e-65
5.872090824215732189e-59 5.974562342498618532e-53
1.169126241481714885e-57 3.409538032847246962e-54
1.402698259316518173e-50 1.605403448884055640e-61
2.950091821383754194e-65 2.610494237455015372e-47
4.349136814925478798e-48 2.405656243663060044e-64
4.652147936156677903e-202 5.838225574048608313e-02
3.873149445734234741e-219 1.261119687338635720e-01
5.173589900523183059e-221 1.244983436983312514e-01
5.046279012368465847e-64 2.294643619208269446e-48
5.411495225761757709e-63 2.890441311324048288e-49
1.975524511949667724e-219 1.260121354981330044e-01
1.531119120031480967e-205 7.815742437606060244e-02
1.590934215142345571e-197 3.581191043196359225e-02
9.782403342280775159e-243 2.978094120793583696e-02
5.420539706063490774e-217 1.250966681222123733e-01
2.141310431938874964e-215 1.223706870606636604e-01
5.838129117278955695e-226 1.102554881551887772e-01
3.867411681500899421e-53 9.291167757392673795e-59
1.524406355717723609e-214 1.202576193431234841e-01
3.999270949627988025e-53 8.968796175364497819e-59
2.922789896984229874e-53 1.247406036753164230e-58
1.517510958175371680e-57 2.647709033572724279e-54
9.638786933482180940e-224 1.182488527567800984e-01
5.941096571526375506e-52 5.062874191998904164e-60
5.964523663107860844e-56 7.122135397067636984e-56
2.637686308089257229e-229 9.466750302537453587e-02
1.559488571792383894e-63 8.606287423795658306e-49
1.318591440945094064e-60 2.058161413007453966e-51
7.151309746321537291e-49 1.927768725925992537e-63
6.435609559328748159e-253 7.158406188540826151e-03
1.052045204502494563e-56 3.985003969323495357e-55
1.506205805025440106e-47 5.636782571957029602e-65
4.981517140364654176e-60 6.031114149512870555e-52
1.642473279363117367e-59 1.982552720365739760e-52
3.550621209566469531e-50 5.723797648003273512e-62
2.567444330491171877e-53 1.429314643844747408e-58
2.041765733147280497e-213 1.168060427295049969e-01
6.971580049509187161e-189 9.881461992068617597e-03
1.530366753771220554e-220 1.251187418168705490e-01
5.996274060060896479e-188 8.350972251547690572e-03
1.502021675148208891e-227 1.032685137742364589e-01
2.956258951268061583e-231 8.442868232990373423e-02
4.822560103340814407e-225 1.138376084205355854e-01
4.086710337092631079e-201 5.327967950762189236e-02
6.748689834354250244e-212 1.110722877596858893e-01
3.255061095668376929e-211 1.081330416408475548e-01
3.332259537315469537e-56 1.272568152135405746e-55
1.692353407494341704e-59 1.927752496017904818e-52
6.274083457017729469e-53 5.576158814598391393e-59
3.624138930040179573e-54 1.097704957773937339e-57
2.912332721340680802e-60 9.916036412750702209e-52
6.799939173513983497e-219 1.261517178170089293e-01
1.283382811825548774e-202 6.147919039931368235e-02
1.621128758715634332e-235 6.166130895489065067e-02
1.565352702617677039e-233 7.216079900173412442e-02
8.553049229435607798e-204 6.812411754679746634e-02
2.176713947528409007e-216 1.242595699579032709e-01
1.502696804604687616e-193 2.101562497029194065e-02
9.231874332401157551e-216 1.231388120573222722e-01
1.013953793337229087e-211 1.103317907119211322e-01
1.385294681899890666e-214 1.203708390284151941e-01
3.146719266248794813e-58 1.207689398879071192e-53
1.484831012123155900e-56 2.836245240332198413e-55
3.656006500870995170e-47 1.981238430102865858e-65
1.325696819873088445e-236 5.612463943446849290e-02
1.124348497154274981e-217 1.257536187596892674e-01
6.835767200744483147e-223 1.206594236021370919e-01
8.048248878352718189e-213 1.146977342056451771e-01
1.585511854656497584e-207 8.941133875449550072e-02
7.572165969161336855e-217 1.249172264004411725e-01
3.858537899053002550e-224 1.169898145792914596e-01
1.989943310153283444e-196 3.122010428566149645e-02
4.698282524147265773e-249 1.297050080387025101e-02
2.101538952456477677e-221 1.238761673339100478e-01
2.104440515076970964e-199 4.452072188936940372e-02
2.819454677754148038e-48 3.976735978782757860e-64
2.730119928729835566e-208 9.359521591239516880e-02
2.989479871399852733e-190 1.251006674967836997e-02
1.251384510306567038e-197 3.626783697916226290e-02
1.041886270374424197e-51 2.760557533407928040e-60
5.721036555643287405e-49 2.487705445241858953e-63
1.002883815139164340e-51 2.876910811931949302e-60
5.183178060737453516e-57 7.990618906632988864e-55
2.090000949126264837e-65 3.494580759828383474e-47
2.869989465393032651e-63 5.047385932677357296e-49
2.590425197655241763e-233 7.333764801139533440e-02
1.035270334763408534e-213 1.177790055033779842e-01
1.599371647478467179e-222 1.215795996035873433e-01
2.580771738954181464e-220 1.253667954673758356e-01
2.480218887038655704e-58 1.516899513634862259e-53
9.107341007092375789e-51 2.586333597384402233e-61
4.863497423965922734e-56 8.731768890183428760e-56
2.126256236672736906e-63 6.563919462896048764e-49
1.370180662969251276e-52 2.435015358275557953e-59
3.760915216412858775e-48 2.847811000739558565e-64
1.289292453684601692e-51 2.191626182059509754e-60
9.868753807288384629e-58 4.017309194045123609e-54
2.727734852576348555e-52 1.167835915593446426e-59
3.806705654936237136e-228 1.004358267346830980e-01
4.150947241965753637e-230 9.051394652766028837e-02
6.608945407881939468e-214 1.183953795279786697e-01
2.097437397211217062e-54 1.928773987062952752e-57
8.774686044501924129e-52 3.324009196911503409e-60
2.603261902635887168e-58 1.448212074021225812e-53
8.902583201683948831e-233 7.622943165432179147e-02
3.621020277564475444e-223 1.199210785788298178e-01
1.769350581848546424e-230 8.856578007190377133e-02
1.941738588736361047e-58 1.916785589605082992e-53
2.867637279817354007e-60 1.005881086976577374e-51
1.281994289718984265e-57 3.118272042629848779e-54
1.778980860330889021e-55 2.378317807271451021e-56
8.298641697328909865e-51 2.865331406667444198e-61
3.561120292988098350e-51 7.250271230076389207e-61
7.937586784725550392e-48 1.193609777540087645e-64
3.533995313864465401e-210 1.033098266638629997e-01
1.956423717026211408e-57 2.068605061303093817e-54
2.619842806852650229e-215 1.221741069058086826e-01
8.837695325749237989e-199 4.151861269554449341e-02
2.422244371340143091e-214 1.196952534146366182e-01
7.533007653195721085e-213 1.148037092116129532e-01
1.840855935539652682e-215 1.225149006660814360e-01
2.593817805596444539e-230 8.944189847918869452e-02
1.052158676603001343e-226 1.070965471168684180e-01
2.904415945364797772e-205 7.655848372115713063e-02
1.230624688826705707e-237 5.106517699876157029e-02
7.696228479337467896e-247 1.770993607251392446e-02
5.099172329059927448e-220 1.256398159299972617e-01
1.457829384478230351e-240 3.802702535634642361e-02
2.720647081691820768e-49 5.796289589269009622e-63
1.658632987572804528e-52 1.986714111200732984e-59
8.141919873549986581e-61 3.202563164225061875e-51
1.022894432014402874e-55 4.149687091688161978e-56
3.414140882743574513e-53 1.059391634220633210e-58
6.195923945025986210e-48 1.593596074306972804e-64
6.817105416581064780e-63 2.357923810615500623e-49
1.600356408444941397e-48 7.647348776765633052e-64
6.016664298956801899e-51 4.080896560172336768e-61
8.229867987511608262e-57 5.074915063048513248e-55
1.167808351716056865e-213 1.176099382036649432e-01
1.952581466917185727e-216 1.243335867195976413e-01
1.303678618951112095e-235 6.117201784464163655e-02
6.909979475201694719e-202 5.744098117872021431e-02
8.184276363618118704e-231 8.679025370872056611e-02
8.931106073270384091e-231 8.699195466029431556e-02
7.425017617219744747e-215 1.210833746706245634e-01
6.959624172315597612e-216 1.233778253041092760e-01
4.185031239987401752e-214 1.190006944622791635e-01
1.549882828964767481e-236 5.646433282117901964e-02
3.951947612433158715e-54 1.003752768956315748e-57
1.770913139097385603e-56 2.382693048766299033e-55
9.750509619944501663e-58 4.064422245173727072e-54
4.361429460898082539e-50 4.550024747094102758e-62
4.663772271939150421e-62 4.266049490525610200e-50
6.823266161911101274e-219 1.261518375567987071e-01
3.077574656055988146e-199 4.371511864512383355e-02
4.985532242361056609e-207 8.663155076845993618e-02
1.139716405558330616e-50 2.019449237714497318e-61
3.864789416341995886e-63 3.886933869914882652e-49
3.422456360565340250e-56 1.239203766996085954e-55
1.420253730697949006e-55 2.983846908833471466e-56
2.371507254560143100e-46 2.127086341453967986e-66
3.646323121653458968e-51 7.065212904267726906e-61
2.394005852836849851e-63 5.916674042486981577e-49
1.044701366078818210e-55 4.062750044521484079e-56
1.281340921486810294e-48 9.876763770638261707e-64
3.039295970693671039e-49 5.111632218128006263e-63
4.789975476333982467e-202 5.831262181399390204e-02
2.460846769783853331e-212 1.128442841484696146e-01
9.467590671610215857e-216 1.231170184303727044e-01
9.017443122455618106e-52 3.227398184911518624e-60
1.751326805768809467e-199 4.491264996616672195e-02
5.585409320028891013e-217 1.250811515459043788e-01
5.884564414823755898e-239 4.492535628634933276e-02
3.272534113247350912e-203 6.481306996458779945e-02
1.962838179170296138e-209 9.960336123313250078e-02
9.901801609523489643e-200 4.614015309560422218e-02
6.003267825066461118e-237 5.441526928135654445e-02
6.119269087988847160e-229 9.651862383782594534e-02
7.025361873526057216e-217 1.249586683223100902e-01
5.299022674517424093e-208 9.203154151353021284e-02
1.235682540782639001e-225 1.115688029251533236e-01
8.509119176958646844e-201 5.159781390392638445e-02
4.804657461816917469e-59 7.222387907564163393e-53
1.830386618705103629e-53 2.037795534642405113e-58
1.432323162627698724e-55 2.958546012055650645e-56
1.030148375867692614e-57 3.853933720567876628e-54
2.569147056702477601e-50 8.205845109751463749e-62
8.793258566407386982e-60 3.554831170320492124e-52
6.420664310990344603e-52 4.656608012977182360e-60
3.021247884677195634e-243 2.803254473239761083e-02
2.337249026933635748e-229 9.439931407789427242e-02
4.730790185754378812e-210 1.026924037692066444e-01
1.082961670266442515e-195 2.835604347830250269e-02
4.169030846763984587e-187 7.140222111184380167e-03
6.004126959387364161e-213 1.151638272478240632e-01
1.431584487888120374e-216 1.245370096558863909e-01
5.735441055888003067e-236 5.934049899446908888e-02
8.745736144647924940e-222 1.231793941065186110e-01
8.823929719757397585e-236 6.029900419275577295e-02
1.155535602956224751e-210 1.056224441894878519e-01
1.043439630450670059e-215 1.230322578851857640e-01
1.442596185726652058e-55 2.937344136891621172e-56
1.060881217620089889e-52 3.196079525415593851e-59
2.059387236225067744e-215 1.224081550912301253e-01
2.274220024881460749e-217 1.254977588126662269e-01
1.776113166506379649e-217 1.255946497686961094e-01
8.118351468561065180e-203 6.259149858483380180e-02
7.578113836444501538e-56 5.605302295573968778e-56
2.673191877097616091e-62 7.015163408776772193e-50
3.265220260884421046e-63 4.507226982193457827e-49
1.698199248027948474e-59 1.921533413516675582e-52
1.715522559462166804e-50 1.284669276176522172e-61
6.056663040536957956e-52 4.958881955160585183e-60
4.883400058706650308e-62 4.093780354902281282e-50
1.274662312159821180e-48 9.936277306166782942e-64
3.191352026179571246e-57 1.284115211495253062e-54
5.250409346398360306e-55 7.950253610305033834e-57
1.019434900814161953e-54 4.041637349444901260e-57
9.374635800698305599e-57 4.464402835336365430e-55
4.812223810626419987e-54 8.187310001704529925e-58
7.810804741061385052e-51 3.062966883028581621e-61
2.195250816020590391e-46 2.334180391970396757e-66
5.273011873240991326e-51 4.716801330319415636e-61
1.195712397633727248e-54 3.433167248784743382e-57
4.185563527836793126e-53 8.548715065029334384e-59
6.236784050377093412e-55 6.672626603472770077e-57
2.457984699683503766e-64 4.269319951905210455e-48
7.670466696838816731e-59 4.638845467323509423e-53
2.143926183031266135e-51 1.261272373638830049e-60
2.188976477129062233e-230 8.905364823419202602e-02
1.138540094650571653e-56 3.686374522207485050e-55
4.511212636157912198e-49 3.261933759460961884e-63
6.096232326884130361e-52 4.924212637356532772e-60
1.071066154353409989e-220 1.249302655598603234e-01
5.826613810813260323e-214 1.185645361420968186e-01
4.176406327513656700e-56 1.016373630991347224e-55
1.494608215659577647e-59 2.165677181882072854e-52
2.837096955459776109e-57 1.440356453066900982e-54
5.367700024816235692e-61 4.686608952970521772e-51
3.084708894225059191e-52 1.023737169750026244e-59
1.257268924760777802e-53 3.017369093735755802e-58
4.630201937062438953e-55 9.033766313037006504e-57
1.370051156521661074e-63 9.635760323382732852e-49
4.102014325936687341e-59 8.385089243807110973e-53
6.003782308721189755e-60 5.071055271263997018e-52
2.319907525421379434e-55 1.819343225453232631e-56
1.832299567934465396e-56 2.303668417554993069e-55
1.458253268370929306e-57 2.752058075800907237e-54
3.276778849746240377e-48 3.341292315096408767e-64
4.002703102654261587e-59 8.581226379040011096e-53
5.803358026967395841e-198 3.774946673278946341e-02
8.346770698513702622e-60 3.731764214905085361e-52
1.797499714922004140e-63 7.602275441584584256e-49
6.860232311576260103e-60 4.479565960934623651e-52
2.747910523835949566e-56 1.541365557673799210e-55
3.796873187822866562e-225 1.134504333189639835e-01
9.476358224386341237e-225 1.149044373195516056e-01
1.140416987808893163e-238 4.622731110439635277e-02
1.015001186520506205e-220 1.249005326529551430e-01
4.829004529744166101e-57 8.564405592807738211e-55
3.192724240167383312e-48 3.443444673648627063e-64
2.019819760997288758e-224 1.160511353995946071e-01
4.902029160351485573e-214 1.187937485901005702e-01
1.063708073932150899e-62 1.591110872476352560e-49
2.693744191562565841e-225 1.128861751476574748e-01
1.281338092276758423e-241 3.385933112867658273e-02
3.919337300903175750e-221 1.243168439173394507e-01
8.959432142312400674e-240 4.133211553948519523e-02
6.937546046306187797e-208 9.139137431874121142e-02
2.789648552948931538e-231 8.429367989748166867e-02
1.097667944837493917e-245 2.065367905596978554e-02
3.349891960006412276e-227 1.048744912523936618e-01
9.829996380068963319e-220 1.258487522179506102e-01
9.635670516216797268e-209 9.601281902376640476e-02
4.195118246239944190e-228 1.006396094464634128e-01
2.898091894292192680e-243 2.797192872250276255e-02
5.416717279998034206e-54 7.242853000508876654e-58
2.808861304396714246e-233 7.352699671937897030e-02
2.496654709492076532e-209 9.906922293617399788e-02
2.966569935672110755e-191 1.475773941215308659e-02
2.637823261315176130e-219 1.260619738723667282e-01
5.968853123579361922e-237 5.440294586679462335e-02
9.721041961637644412e-196 2.853338555240470323e-02
8.266179153459456661e-232 8.145415213854773073e-02
8.282208883216690754e-238 5.024337713849768433e-02
8.064046773908925837e-214 1.181247453157447530e-01
5.585145610577466580e-210 1.023384743748198544e-01
7.013981654700055016e-215 1.211462372615771249e-01
7.978055223087340961e-51 2.992359904666853122e-61
1.081530489496251100e-55 3.923868556732752623e-56
1.279903954376489617e-58 2.852108727871849685e-53
3.298027291078445734e-57 1.243543965725399780e-54
2.786946257608541751e-231 8.429142403092157454e-02
1.016435321909126648e-221 1.233051871843053732e-01
4.114540860455070983e-57 1.001762559059992843e-54
2.483763363163887373e-61 9.447902053950682097e-51
8.810087812843592955e-57 4.745886578754070011e-55
4.261297437038306588e-56 9.961956012343323422e-56
7.923616553798926611e-65 1.126695110876126199e-47
1.060255127048299396e-57 3.747980399286091993e-54
4.478674357731350631e-58 8.605944496852918090e-54
1.413980105804629716e-54 2.891364133360156783e-57
1.547754094132878621e-58 2.379854115007441671e-53
2.971389261854209449e-55 1.416502956545294005e-56
6.776795016130263363e-50 2.778833702840743360e-62
1.913619348299360728e-49 8.634579896429132131e-63
3.096840904120482233e-226 1.091114232732897371e-01
5.339390947994037998e-197 3.356388120116558793e-02
1.814012933654868893e-210 1.047000005656436583e-01
7.335335797375636086e-48 1.308798159177045282e-64
2.629664594112859885e-50 7.996139874066848444e-62
2.223336092623953028e-59 1.492381155100049999e-52
2.412740018534352396e-47 3.237415637408934477e-65
5.255384594562442692e-241 3.624176545561479806e-02
8.868360747590270506e-214 1.179939523562723580e-01
1.512309279283686013e-57 2.656547510385945693e-54
7.464954021862436189e-212 1.108901417430638858e-01
3.610492120831615895e-51 7.141927450090103388e-61
6.663944467303523070e-55 6.237223963378595289e-57
5.553507566805039204e-209 9.727129660103921160e-02
1.311305309119743199e-195 2.804360720645055968e-02
4.714556416215202995e-55 8.869577139045113270e-57
1.892001623444255005e-48 6.305323064524401312e-64
3.280110438118536833e-50 6.252302211458060201e-62
1.984911550956741977e-57 2.039724286309770713e-54
3.157998397712751198e-60 9.200605472769342058e-52
8.816363184259293341e-55 4.688137196431410812e-57
4.359993959265337672e-59 7.916061152173841063e-53
3.881557690284024361e-63 3.872172637533990738e-49
9.904240112732158622e-49 1.327541492705387325e-63
4.019398133140883978e-61 6.100423678734313478e-51
2.747009824836099594e-58 1.375572522141671269e-53
4.341304524996981373e-55 9.644622870546250455e-57
1.807638736182986889e-51 1.518548394605554931e-60
1.069595617970625071e-67 2.768768302884702215e-45
3.211503227632391618e-204 7.055808816860084653e-02
8.602526165570059718e-223 1.209159811319846789e-01
2.252352422015416420e-223 1.193418078518743569e-01
1.355472814371558854e-226 1.075766383088012645e-01
1.282529850531965672e-207 8.992158086502831382e-02
2.379228327331969426e-214 1.197174562951184990e-01
8.759034535708191240e-231 8.694703166827488783e-02
3.372960411996536534e-47 2.179445860047024075e-65
5.712510918898515807e-58 6.809459152452331545e-54
9.318345935676547245e-52 3.114878972910521417e-60
1.594696619394077230e-216 1.244676321990887957e-01
2.278812473125633816e-228 9.935183414965045867e-02
2.013609635659310122e-51 1.350373132025801399e-60
1.902267772952330031e-51 1.436581698320930586e-60
4.395111842852235173e-65 1.861248461496008211e-47
4.260043137841118124e-207 8.701529341961998509e-02
1.196046302881423047e-57 3.335175138832446351e-54
8.339434056709822430e-66 7.576549821404828123e-47
1.928681566857400363e-59 1.705408146127192325e-52
1.067560202007405325e-54 3.855427408230343994e-57
2.695677154367648577e-51 9.826890686100520818e-61
1.121723558805450052e-58 3.233518582888323799e-53
8.761234257731930574e-50 2.082999804373740605e-62
3.709534875184329521e-212 1.121344700328020805e-01
2.781688420995785200e-228 9.977462287811091068e-02
1.685107859372116425e-216 1.244316217083879794e-01
1.605993527575524557e-217 1.256319129250546840e-01
2.698223412544648015e-221 1.240583789645389873e-01
7.229627175224719060e-61 3.570418888604014345e-51
2.208113958425121336e-58 1.695221513998212657e-53
1.984678278071478630e-62 9.146470742014542752e-50
6.859139425950490220e-197 3.310966546064223609e-02
5.066251921686576940e-58 7.643772071681691821e-54
5.530157679502849060e-55 7.541379038494427797e-57
9.978870229814008558e-58 3.974418460363446207e-54
4.943326816702645156e-204 6.948499455464607344e-02
1.766420588343198252e-209 9.983643247668635978e-02
1.315487433090151597e-54 3.113410756012047150e-57
3.002014124638463522e-52 1.053975304885306797e-59
3.693092666290478804e-51 6.967412754400566633e-61
1.147213599358919829e-53 3.319910594557319800e-58
5.307401658651847066e-216 1.235980743884042693e-01
1.082356810711818949e-211 1.102117161738919160e-01
6.718409203773222001e-217 1.249830378752078558e-01
9.067648338611354801e-211 1.061122392254619934e-01
4.686968928096432658e-203 6.393250896424032548e-02
1.138492949517920140e-200 5.093630067858692656e-02
9.402957949078326494e-54 4.084330610827832411e-58
2.211569976733394172e-61 1.049640485928122551e-50
9.783641578576705359e-51 2.389951600281472243e-61
7.786380376946975262e-64 1.575516316682290804e-48
4.457659000411640106e-209 9.776900286341491664e-02
3.619032105524123745e-232 7.951915945294513177e-02
2.364221189016923447e-61 9.880144263583873101e-51
1.650122799851257327e-61 1.368282627417360202e-50
2.697657601098722259e-57 1.512914463842840366e-54
7.826246657618230451e-50 2.364421331511033757e-62
1.339318651488526541e-50 1.689628169575393973e-61
7.297966127447784005e-60 4.228957400413118211e-52
5.382744656405412901e-43 1.396210595725226939e-70
1.253221073143508309e-52 2.677460877888525209e-59
6.599842781236921931e-57 6.304317230748317636e-55
3.355218287325793141e-55 1.252517769670079943e-56
6.127348522176919909e-53 5.717432138943136998e-59
8.746239110248929304e-60 3.572644626788514765e-52
5.723311305039684653e-53 6.144828842889275331e-59
2.195770794312515230e-51 1.228879202780193446e-60
1.753041761419032090e-63 7.770456287984751227e-49
1.609929204819306506e-54 2.531018403010120936e-57
8.163832401978182096e-224 1.180265418831515367e-01
5.698492867014978102e-220 1.256789426150194677e-01
2.447794046416700537e-213 1.165381319522641457e-01
1.613554273133523461e-212 1.135580881518347546e-01
4.927729096865699415e-232 8.024270908567987526e-02
1.481764609917948906e-66 3.201228452753676038e-46
3.377308409925471421e-52 9.289841973976988209e-60
7.056317566273762049e-53 4.924426888492757813e-59
1.470857848536764096e-55 2.880543491028880407e-56
2.052004914478094559e-49 7.978786410821389446e-63
2.105966671232911398e-59 1.570337008958944309e-52
2.817485686105081188e-59 1.194550592439058038e-52
6.402468815603837015e-63 2.492170257906414965e-49
3.225917196428378160e-216 1.239795199281576443e-01
9.219315634893567981e-55 4.478954513326306772e-57
2.786851226054779181e-61 8.510560714588113428e-51
3.722840226612620676e-57 1.104715321207307967e-54
1.901253123902838579e-226 1.082110228030184612e-01
4.464052751217632054e-224 1.171957248186658723e-01
3.767901160506608192e-221 1.242903420609300369e-01
2.728102645773384036e-205 7.671496031139772576e-02
1.019115069435706712e-224 1.150168775964325318e-01
6.758538533426261205e-232 8.098277653978547264e-02
1.846830523596469867e-220 1.252117986366957370e-01
2.111203735715225464e-205 7.735532891585672477e-02
1.904120665572953244e-203 6.614550141164060593e-02
5.395365904620425193e-55 7.733071062539932808e-57
1.642974319836145584e-59 1.981986305659885896e-52
6.719722380564759577e-55 6.184476943057822044e-57
1.318861335841715638e-55 3.214660385518765834e-56
1.208920320341719984e-54 3.394773299001539763e-57
2.124138348990088434e-55 1.988752184229658071e-56
2.556929080991428679e-58 1.473320521831629271e-53
4.853245100190125616e-53 7.313447451436911468e-59
1.617315051528084971e-49 1.044266301575086397e-62
1.711332227760786436e-207 8.922725236090278678e-02
2.066460224990982295e-230 8.892171688986712230e-02
5.421261618879940042e-217 1.250965994037453455e-01
4.794550126494210092e-55 8.719233852720691961e-57
3.017091471297842846e-59 1.120033815336549580e-52
2.569807731923433715e-57 1.586242010520867454e-54
2.340669610614278728e-50 9.100735857315972517e-62
2.136614590126578862e-46 2.411419630881507904e-66
2.338320764110361203e-216 1.242099969857421993e-01
4.550234641155069751e-229 9.587006727654395766e-02
3.008998620837763625e-232 7.908627426212561096e-02
4.567270801212077681e-69 3.490151832530731605e-44
1.511333134551964608e-229 9.342814073689770238e-02
2.052165126510651701e-224 1.160746448651282930e-01
9.825866391036254441e-58 4.034268803826645468e-54
3.093999229520344162e-53 1.174966391134403320e-58
2.912775395485174908e-51 9.030420721501264143e-61
6.562391247180276317e-56 6.473474710581784190e-56
1.077806282433190005e-61 2.009871810019162028e-50
1.036756929129955933e-58 3.484947176270056761e-53
1.950346954852923823e-64 5.209182126474897527e-48
9.327986429474426790e-58 4.242326005993608662e-54
8.803211550295026868e-62 2.411751345000762596e-50
8.955944171507697605e-53 3.825365943937445309e-59
6.251809434181477287e-66 9.647065710013310285e-47
3.439641796336696392e-58 1.108882243420122043e-53
6.825242473680838599e-47 9.443693720396645049e-66
9.398544089485884648e-57 4.453219978135221597e-55
5.881823376546309644e-56 7.222197713456795305e-56
5.304977874681208071e-51 4.685629775350333031e-61
4.998028389683693129e-221 1.244762751752524765e-01
5.196932563447608972e-58 7.458714780520984709e-54
7.965676165980689651e-64 1.544675222618817388e-48
1.133820328459073170e-61 1.920137816989865295e-50
1.964250570543844167e-59 1.676422485051378313e-52
1.840092839607540091e-49 9.025729447343467494e-63
8.631805639091101183e-57 4.842334322029042421e-55
2.257784564433113520e-227 1.040893425264862587e-01
4.873184689071272823e-242 3.228646355419915320e-02
3.901354381865906731e-197 3.413818200222195481e-02
1.799886439255109541e-216 1.243881025079022623e-01
1.568036193379235153e-209 1.000990036085018520e-01
1.258609606908118883e-61 1.747545661989516623e-50
3.785672803882998960e-219 1.261095137070575578e-01
4.623427591217314215e-195 2.604181601749534780e-02
4.367938638467859158e-199 4.297955567964576590e-02
1.907007203948283031e-213 1.169060260811741053e-01
2.723551318508479275e-219 1.260668434307002095e-01
6.324076376164542614e-218 1.259162733542419366e-01
8.836404762650437838e-221 1.248222782031878503e-01
3.265510306720830309e-252 8.017259539024386428e-03
5.441912917100320656e-198 3.787499266519124552e-02
1.700306296951783912e-209 9.992059969758948501e-02
1.097659590564654261e-220 1.249437127035465667e-01
8.845215685965819077e-217 1.248290849318173107e-01
7.070992907003720874e-225 1.144469392352235743e-01
2.250372084191242930e-224 1.162106178274435464e-01
6.274390795412276689e-212 1.112033225272985454e-01
1.096742252340086654e-217 1.257615081096076504e-01
2.658904096542822092e-46 1.853407210463563155e-66
1.877687953379197442e-53 1.984090525869965747e-58
6.818911150696476288e-52 4.364072638283238891e-60
1.339129277010737461e-63 9.829479915974016752e-49
1.718038375817207936e-61 1.319270929038128742e-50
3.233073237367413910e-242 3.163350182520530823e-02
2.095820909020337614e-211 1.089761485723139550e-01
9.986804584837643958e-218 1.257905341980074254e-01
1.062062433404057880e-225 1.113071517955895873e-01
6.623430366204967152e-204 6.875827002134449195e-02
9.950948528406311045e-213 1.143549494960502261e-01
6.359053942377466789e-209 9.696336030442118115e-02
2.557279971370864628e-55 1.648759397024237250e-56
4.989039006601403813e-64 2.317410612149028044e-48
5.406039268678356075e-51 4.589611030976099340e-61
1.118968354686780659e-55 3.792043672819136896e-56
3.073228351935139886e-62 6.194372371624018073e-50
2.043806510926584669e-223 1.192203974632801838e-01
9.535789820153176545e-217 1.247853713505437390e-01
3.285693128473945528e-58 1.158668687148903008e-53
1.333368899309547169e-57 3.001727142293215077e-54
7.825054970417142925e-57 5.333001911925626542e-55
9.270284340919162621e-55 4.453799442938069883e-57
7.013918693226489821e-53 4.955936743204159159e-59
9.841316303902698818e-194 2.158746874982647723e-02
2.015427642638158156e-229 9.407005674991517075e-02
3.650710353275769132e-205 7.598700067126215596e-02
1.966397831651713567e-225 1.123601328717664938e-01
7.589652949513655650e-223 1.207768800109339652e-01
3.704128418987935850e-217 1.252840989364722157e-01
8.045864763455509195e-226 1.108226630837277210e-01
2.003047349898825490e-235 6.213748114574423054e-02
1.212299560066288738e-228 9.800136690998111078e-02
1.652110263740836628e-62 1.076656429626697860e-49
7.214147579461727348e-198 3.732644144159255606e-02
9.742817057238903210e-232 8.183867575866465849e-02
9.753498756822692675e-214 1.178621152712374942e-01
1.226214658668162439e-226 1.073872186603379297e-01
4.090053266672906348e-226 1.096170668451692531e-01
5.499628431540546933e-211 1.071086116102369229e-01
3.441620732956444120e-217 1.253181994394308718e-01
6.782220415654937200e-241 3.668312890563315415e-02
1.937498618996757556e-221 1.238153351864729884e-01
2.718123421538480081e-215 1.221376983128969196e-01
3.674500411060738974e-224 1.169203249492091756e-01
8.534740641686768654e-223 1.209072466115308081e-01
4.189002784551690055e-234 6.909438015831095847e-02
3.112943327072311542e-203 6.493584004144607735e-02
1.393918785241482210e-241 3.399862726202667468e-02
8.276999841271575403e-57 5.046487468201055321e-55
5.811118643772315122e-60 5.227140057732405925e-52
1.670538861642155931e-45 1.988598902648338808e-67
1.096515581738180607e-46 5.364953803872410444e-66
4.173660723990551685e-216 1.237859384686979675e-01
5.773866810523264921e-209 9.718292776908164787e-02
2.210179445397709541e-50 9.699418462808006794e-62
2.431477863273298647e-60 1.171473896042112427e-51
8.606415128872837521e-53 3.990285530390678113e-59
2.990092451288334783e-59 1.129550329194369499e-52
1.259110001879128496e-55 3.368067705500777671e-56
4.692796318097499140e-50 4.192618081616534511e-62
1.075199382781951474e-65 6.120028514675906706e-47
8.726817349246307292e-50 2.092230958233997826e-62
1.422102043311906801e-58 2.579848851589999961e-53
1.681568196458045090e-57 2.396523201238648584e-54
3.172352796371905026e-62 6.021265845399691723e-50
1.680988797538435981e-53 2.227673465935674644e-58
2.624214033614240938e-51 1.011914353575950284e-60
5.253086771495529657e-61 4.779813875424873437e-51
7.600927670650159384e-65 1.167392829781730935e-47
1.021657987307799399e-56 4.101780853327327656e-55
2.681428546595135992e-65 2.830401873089972255e-47
1.969752031683468677e-217 1.255550252375650377e-01
7.090242061888148833e-206 8.007662230588813435e-02
3.953528721320741271e-55 1.060543731708549608e-56
5.606510471452308622e-56 7.576482756566397956e-56
3.896714817998969292e-57 1.056498772231941618e-54
1.822438506518381302e-240 3.842458242256500262e-02
1.503212898250893958e-205 7.820333188837069738e-02
2.590265603552268613e-216 1.241380769088161612e-01
8.299245891324318690e-215 1.209594378238501439e-01
7.291008637600884919e-64 1.668035370724981505e-48
8.272334327251185832e-54 4.666681276415744675e-58
2.952241394326900470e-62 6.420474614377470475e-50
2.563560369804648578e-210 1.039828476861413831e-01
1.582217430190728872e-220 1.251355513155575916e-01
7.097590328983876237e-210 1.018244662149382918e-01
1.052747133944873726e-212 1.142632471323183491e-01
9.646404226276254585e-61 2.741872978563604842e-51
8.561057999712227842e-56 4.960699266023747615e-56
9.515088835587795155e-52 3.045293530916917245e-60
3.153322183767227784e-52 9.998889501911183457e-60
5.343001443981271243e-47 1.263468640494670387e-65
7.733468729440299206e-54 5.005196169050177472e-58
4.679104262092835567e-228 1.008680465427612277e-01
1.153508093340882208e-221 1.234090334825379137e-01
1.623474708935565054e-214 1.201825627454145562e-01
1.265781084054513754e-216 1.246144026705642005e-01
2.355590206406076397e-233 7.311545024303735263e-02
1.454295848721552995e-239 4.224090870114840385e-02
2.641327626971011609e-63 5.428439162542038947e-49
3.174067325997392456e-56 1.335631789150396882e-55
6.926010186365203882e-52 4.291336787996345486e-60
3.398088073963247672e-58 1.121886821307010709e-53
6.286560514253161443e-55 6.618827759911181646e-57
2.141697020973894347e-50 1.004435464687853390e-61
4.457531133732010218e-57 9.262687451583765395e-55
1.462816482422591598e-57 2.743727792087719267e-54
9.647502504987604989e-58 4.106386151398772923e-54
1.013215298099389371e-56 4.135454946466088813e-55
1.590381418420258126e-58 2.318997841497613492e-53
2.267944665004601483e-51 1.186346431745323071e-60
1.443218656536299254e-53 2.612672024975791587e-58
2.464876504886911522e-51 1.083442024890195432e-60
2.156037610896356917e-50 9.970216432170575736e-62
1.890906328387545573e-53 1.969572139950967856e-58
1.235003303258082820e-49 1.415580894628825012e-62
1.087228968770258128e-54 3.784102666771250770e-57
7.958439089219245526e-205 7.403931785525967590e-02
1.235833610899209831e-202 6.157068398872494325e-02
6.099831227696794289e-239 4.499554632392457898e-02
2.186119268965279941e-206 8.299699230766589830e-02
1.672373908488850765e-53 2.239677414719445518e-58
8.554491270455691850e-203 6.246413082223276764e-02
3.764940973931524979e-227 1.051051035608979167e-01
2.233128194195618956e-51 1.206507028508404216e-60
9.376871330719065670e-50 1.929950629627904755e-62
1.844346171924884981e-54 2.201313682575030968e-57
2.997911807716894539e-54 1.335119073450917671e-57
5.856324039861226483e-206 8.055240164045951445e-02
1.351359169192797797e-206 8.418467142311607254e-02
4.331760548161224092e-238 4.891217363327576145e-02
2.401946607656573465e-205 7.703305928504210198e-02
1.599189863527603651e-212 1.135730313021455079e-01
1.790517455686876342e-194 2.399934048630903913e-02
5.371527138079614521e-228 1.011559032159883575e-01
1.880049814000294941e-236 5.688534152378509762e-02
2.844906926443461015e-224 1.165527743493075530e-01
1.771782550294762455e-208 9.460479444806593752e-02
2.296910252912165940e-192 1.758629210283366856e-02
3.614878797695827617e-57 1.136951196845781118e-54
9.407915376101459643e-50 1.922793282151567917e-62
6.840250440634125974e-219 1.261519235555402796e-01
2.636142763893523997e-232 7.877599451440556177e-02
1.438543111239163651e-245 2.097244511641780523e-02
1.544294336978770387e-56 2.728274907501683873e-55
9.862541844364525587e-58 4.019756733404365813e-54
3.122602624110923881e-227 1.047353645180094522e-01
1.624831183012806253e-225 1.120372575098389917e-01
9.474585768758262445e-53 3.603632418185170222e-59
2.555909620785626731e-46 1.943728303547425575e-66
1.730951297050905017e-204 7.209888153535645716e-02
3.944367056629275139e-213 1.158174160312581275e-01
2.219271159666397927e-222 1.219131627660662576e-01
2.394367924388608454e-224 1.163016420190931960e-01
1.748251734736845250e-208 9.463588319865194609e-02
4.084154294638835031e-49 3.653107135096981999e-63
6.362171367848594317e-55 6.538725676283365292e-57
1.362168729751540210e-58 2.687861112222612642e-53
2.717078254081929111e-50 7.710553735988120249e-62
7.395258976798652237e-53 4.685837788555182312e-59
8.178923027033146492e-61 3.189297559704190377e-51
1.001874726639858074e-52 3.396281013110402824e-59
3.503534181536537800e-46 1.328839174653549638e-66
2.179799395590448074e-64 4.734148777087754251e-48
1.336798768026873560e-228 9.821173465472660125e-02
1.284618197823422346e-224 1.153716985702792353e-01
3.208493941426711652e-236 5.805698149006936065e-02
4.144660978283783064e-218 1.260091157365157144e-01
1.653137251192455970e-218 1.261331921141331525e-01
2.289627676819725069e-56 1.847317324669304837e-55
4.674052886793948406e-51 5.383504909447829867e-61
2.726141810513906118e-49 5.783038508182850067e-63
3.251387908795127091e-53 1.115241438120636967e-58
1.384188772861895028e-65 4.947716948096467059e-47
6.766951564830764151e-64 1.779557207230964522e-48
6.824380091914032830e-54 5.699543523450557906e-58
8.618678660773799698e-59 4.153313895518029407e-53
6.835993605358567880e-59 5.173854902526488427e-53
2.742789292910222364e-214 1.195402788049903242e-01
1.453400074797642963e-52 2.286886293900531189e-59
5.725590555557846536e-57 7.247728599015665452e-55
1.890818534842173311e-54 2.145746726554442107e-57
4.926141077462678881e-50 3.971267086697791625e-62
8.294352261318408343e-59 4.307258303923893867e-53
1.608475120767777893e-58 2.294115722648042039e-53
5.504581594516926648e-55 7.577026710002845580e-57
2.438733153204034004e-54 1.651611045938196348e-57
1.406896749779060683e-55 3.012352450896977497e-56
5.902233346619366487e-203 6.336886535869559745e-02
4.343320684938841696e-219 1.261232917118655095e-01
4.737479329005158602e-53 7.502113859790327123e-59
3.344445579444970366e-214 1.192894502640363813e-01
5.471847582347879764e-59 6.387136172007052291e-53
3.278952207814145177e-55 1.282037863826452054e-56
2.031328663941750262e-51 1.337559339140048803e-60
2.139685399311588480e-59 1.547096135732995097e-52
7.831793202112980866e-70 1.403776367326499398e-43
2.328052796261669621e-55 1.812912678268702480e-56
1.377917558429151560e-54 2.968951164026528296e-57
1.618418574682264291e-53 2.317821182647929404e-58
1.025401447824577477e-233 7.117441564771025131e-02
5.414950111286702686e-221 1.245272728276681923e-01
7.205159714502165302e-197 3.302085542042196287e-02
3.705528061962764417e-53 9.719050164948508188e-59
3.752632654567254355e-57 1.096141333661431022e-54
6.835185743479395624e-53 5.093173804050106730e-59
1.134701277557371254e-62 1.502606790065679529e-49
2.732498401082493581e-53 1.338812404796570280e-58
4.679604606510005274e-57 8.832104910643683295e-55
2.137286343263988242e-56 1.977820308089867808e-55
2.753907090498843750e-58 1.372273106300315398e-53
1.947344003585500799e-44 9.501678966729986035e-69
7.968399269615980117e-56 5.330382370953474834e-56
7.303207655499701589e-56 5.816523768841350858e-56
6.856646923281941089e-54 5.671697154512110796e-58
1.828841302420933981e-49 9.088533125075684331e-63
6.648410842487940919e-52 4.484875404155241177e-60
1.639122402899295370e-49 1.028588788813455745e-62
9.140623986937096854e-50 1.986105057982175742e-62
2.925127851415911517e-201 5.405367244866689930e-02
8.076735785904041591e-64 1.526211350112266321e-48
4.037884182302363156e-59 8.510676716693167092e-53
2.289609274282875344e-192 1.759004257085112002e-02
1.947144449377457693e-55 2.171259001005555067e-56
1.288223586826399686e-211 1.098896863845901795e-01
2.140470068460960618e-207 8.868682182490628119e-02
4.825253953482131013e-245 2.244337133587116784e-02
4.594193590248602695e-57 8.992854502982646254e-55
1.810575747795924124e-56 2.331027079604097986e-55
1.085635689720803885e-50 2.130789032936833651e-61
1.873584876490595171e-219 1.260018679506852979e-01
8.388618114611583739e-213 1.146311693572489437e-01
1.997245716021082456e-202 6.041024586637396693e-02
4.201296885703304781e-206 8.137786079623310354e-02
2.705303977794693112e-234 6.808271619396757957e-02
1.314733861232603538e-205 7.853762437639737193e-02
8.994642686261569983e-197 3.262235314946801412e-02
2.053054593900474646e-205 7.742508205754279615e-02
1.259618570686051322e-55 3.366700661624512942e-56
2.831480611999201045e-46 1.718152206565547156e-66
2.071326558496578485e-201 5.485703443499782839e-02
1.091476856217272982e-185 5.426161110810628560e-03
8.895101716444842061e-59 4.030716387412776005e-53
6.422297098199599892e-49 2.179927290689211174e-63
9.138311483517902610e-49 1.455893944586818130e-63
8.578415452447946700e-56 4.950639860592422792e-56
2.617503321202379155e-54 1.535555958755352865e-57
2.434852240477543172e-42 1.962053582654888562e-71
1.520722609657665170e-56 2.770074864273028316e-55
1.117193105403860224e-48 1.156159588899335980e-63
1.583303962798060620e-53 2.371593839264311118e-58
1.306724445432511469e-212 1.139085355064187871e-01
3.301047572029557513e-228 1.001360303352550329e-01
4.436659200625461946e-55 9.434172289236371693e-57
6.559588713929441785e-62 3.141828047824683913e-50
2.752714328411473897e-214 1.195357491877053063e-01
1.681796521710420938e-223 1.189738814949592716e-01
4.752831763530799718e-50 4.133477495405251277e-62
9.732865446590320619e-63 1.721300883307569902e-49
2.949209391350258852e-47 2.554301781389088539e-65
2.176738262103257539e-57 1.864611778200720541e-54
2.318356799116117947e-54 1.739956339240684983e-57
1.316299190444089188e-57 3.039460419148267646e-54
9.858955323699070024e-52 2.930577578442231426e-60
9.601024415246155635e-211 1.059971546482377652e-01
6.278699604379774975e-222 1.228929105252744014e-01
5.203015477677528116e-232 8.037008800486089566e-02
1.527018126710794185e-54 2.672105000021697600e-57
3.184676502174507774e-55 1.320488015062729856e-56
2.210661976544679391e-53 1.672196476263564551e-58
1.714384009117501271e-56 2.460422668420799340e-55
4.260266077532656193e-65 1.911190941015916203e-47
1.779719939178931521e-55 2.377322162047916153e-56
4.724703958714964181e-56 8.987635904120863430e-56
4.907088461221055091e-47 1.397800570867333462e-65
7.473806015165190133e-67 5.636780034129242873e-46
1.891966191616300733e-56 2.231729387014317487e-55
2.273415452891920294e-60 1.246442944825033103e-51
7.913454679611514085e-59 4.503669873230506013e-53
1.760907700801363646e-49 9.485845045893215929e-63
3.608123232043644167e-58 1.059152212504565061e-53
1.307799944631186304e-65 5.190069657673327894e-47
4.283745817940538912e-55 9.776208088321769326e-57
6.641771295407238337e-216 1.234164463000974044e-01
1.336857819042472454e-207 8.982187870516757100e-02
7.524158731270530900e-234 7.045395179392305307e-02
5.180163850482084150e-201 5.273357322106859285e-02
2.584666998475800931e-212 1.127601885625219291e-01
5.037447981716124136e-225 1.139076631480405305e-01
9.305118824412371951e-206 7.939951291038348236e-02
3.156234369703324669e-228 1.000414587452268661e-01
1.926981103308716031e-58 1.930802096454041341e-53
3.490487355803748545e-52 8.967224955748433850e-60
5.541355893943997024e-47 1.209929471152259013e-65
9.887539206214645747e-60 3.186449231785476734e-52
2.164809391048221219e-59 1.530233906269290391e-52
3.172012039069879858e-53 1.144605735424158693e-58
1.407964673262927645e-231 8.269926484309433889e-02
3.398539691250720378e-221 1.242200805007762920e-01
5.996111450807932925e-204 6.900530293473883248e-02
1.883898625513418954e-212 1.132980403057022856e-01
4.853028788970370285e-50 4.038207318479352271e-62
1.156429047124675230e-55 3.668666315531933798e-56
2.607341977335623464e-49 6.082792904221522253e-63
9.368361602016048705e-57 4.467346872198656623e-55
2.488717793386039029e-53 1.476801752677348965e-58
1.394565422531711738e-63 9.487881872861104763e-49
2.591176944520482965e-61 9.091893414541502255e-51
7.925336095414763542e-59 4.497266479326402063e-53
1.564743000304410151e-52 2.113988533947684243e-59
7.236302365960316197e-63 2.236917689479388903e-49
2.996643805944832475e-49 5.194317213838503475e-63
1.082068285448696635e-51 2.649769008024055843e-60
5.653491849889427449e-61 4.469907389763667668e-51
2.591250826130270499e-252 7.889962908415837708e-03
6.607499951590625796e-217 1.249920545640046121e-01
2.749640046120435110e-219 1.260682701228707792e-01
6.178007298296425624e-242 3.266799085841851080e-02
1.687783932128768829e-207 8.926066699435412921e-02
1.757321831509929997e-218 1.261282545189406634e-01
2.160293389476494668e-211 1.089186293633139374e-01
1.029378349534065264e-214 1.207156232828471565e-01
9.046462169321349844e-217 1.248160765563817026e-01
1.553362094338917204e-213 1.172034815332873153e-01
1.279655906001183867e-207 8.992697045714286019e-02
1.297057247760407768e-237 5.117476009626810429e-02
6.985525644416095442e-212 1.110101043787496133e-01
2.653231756855631785e-209 9.893364883567204449e-02
2.346252572766598810e-212 1.129257602222277501e-01
1.281682913640639424e-195 2.808080257120946707e-02
4.703684095268226715e-224 1.172690900163561589e-01
4.313298721380518586e-54 9.169274926146986587e-58
3.124621857691410409e-63 4.684728497175550910e-49
1.943591641678501741e-59 1.693133079648701546e-52
8.324359879529255236e-56 5.102050212258122679e-56
8.398974029166430928e-53 4.094827440598097686e-59
7.533381342039285230e-225 1.145465568072940726e-01
5.504922744434241170e-207 8.638940098776352883e-02
5.177007990695048741e-257 3.557201253471640231e-03
8.857140776813906757e-224 1.181359898822753191e-01
3.871769958589772961e-209 9.808673846837968890e-02
1.391765788625071409e-228 9.829832238906555109e-02
8.133949658339898251e-230 9.203728237799629897e-02
1.968455438771504408e-198 3.989087951916846925e-02
5.080420797067484480e-222 1.227032877665463623e-01
6.180157323254688100e-208 9.166638816864045025e-02
1.980446747588533505e-212 1.132136583140747610e-01
2.867454380201442522e-219 1.260744132512986448e-01
8.349199656519230371e-228 1.020691370225747935e-01
1.189069412701309876e-46 4.869544947910411174e-66
6.856008178114171553e-64 1.759488469807427384e-48
1.101675593440199346e-49 1.609941314895703516e-62
7.374053039124932903e-54 5.258938650158071669e-58
1.818377179564829714e-55 2.326373653345863558e-56
1.637807853795332697e-56 2.574192197039423313e-55
5.281220540733240887e-61 4.756578421665334743e-51
1.243582411511161581e-221 1.234698778106154832e-01
2.268553832532212879e-230 8.913540286239993171e-02
1.237517924926940809e-234 6.628146052116440368e-02
3.509003494920320761e-202 5.905620041428059214e-02
2.518116609392361229e-205 7.691506738583228642e-02
9.199617852012211529e-53 3.717993308136609180e-59
5.436960234577508035e-57 7.624839781384028538e-55
2.135271065107976943e-211 1.089407554725830563e-01
3.663133323835149817e-58 1.043882441609203055e-53
3.647214905500854980e-57 1.127098926375563499e-54
2.796256921247015502e-49 5.618803595808427014e-63
9.636715285806571560e-58 4.110831571707197804e-54
1.209742552117873117e-53 3.141148529589784904e-58
6.546439925805397493e-62 3.147493685215856966e-50
1.848356721225650086e-208 9.450635707653058659e-02
6.533089442571033321e-55 6.364522878079799173e-57
7.034408760535346727e-61 3.660920377990378600e-51
5.923363382235021856e-54 6.601644416959643790e-58
1.392545254365574679e-52 2.393417880006890269e-59
1.343074764503871959e-60 2.023662280266540556e-51
1.139700471434890673e-55 3.722761666087218433e-56
4.214315505207786819e-57 9.785530931592660940e-55
8.599452750317906868e-54 4.482191438189104873e-58
2.607860648807169842e-57 1.563677996380770033e-54
8.787544184186709502e-56 4.832555490109357045e-56
4.004728713797174911e-227 1.052266640676702281e-01
2.345432220775027448e-215 1.222825366098800465e-01
9.274803774467556829e-233 7.632549448269088099e-02
1.010863671770659011e-225 1.112213775030572588e-01
1.204329918419647443e-211 1.100145330772684116e-01
8.355466450767407817e-56 5.083018341331618828e-56
1.441432678589745802e-55 2.939730266339412401e-56
2.524134227122940547e-56 1.676987439296852269e-55
2.588133255506064214e-55 1.628888075678625146e-56
1.114201746323038057e-59 2.850207433335659771e-52
3.538507071303681175e-213 1.159834637113844741e-01
1.320032490511942157e-224 1.154130569969060299e-01
3.004952854874104819e-241 3.528598716039766520e-02
2.861261636638284829e-234 6.821222066011439766e-02
4.934110350976322616e-239 4.458206025667765804e-02
6.222861004484694989e-223 1.205529601853989191e-01
4.429005294126867610e-237 5.376501836657510830e-02
4.763992407077974511e-55 8.776066862358062633e-57
4.241331676501771770e-63 3.581872349804036252e-49
3.262734752011202067e-42 1.336725118742655133e-71
1.212826724062465438e-53 3.132816436533260783e-58
1.482241820036564995e-55 2.858275347363830048e-56
9.364351676071006199e-55 4.408097360840873600e-57
2.906088781419552831e-54 1.378642801655718770e-57
6.243362888294810924e-52 4.799287373569345828e-60
5.366544003353535683e-54 7.313037526392589171e-58
4.796756324274028831e-60 6.246419852127311354e-52
1.940677901587506836e-49 8.498538928715054098e-63
2.044950061402501876e-65 3.559530917986350105e-47
4.996624655532801942e-55 8.360971347313866280e-57
2.995601432164698390e-54 1.336181083677733119e-57
1.412407064199067198e-49 1.216794628102885796e-62
6.547473759557590723e-55 6.350279208280058684e-57
8.441178927669676723e-54 4.569641500012789259e-58
7.714371146381260881e-59 4.613809754733780633e-53
5.368839838813455380e-55 7.771933401464327775e-57
6.283933849096225523e-225 1.142604153626055330e-01
7.463978927136730230e-230 9.184336133191804696e-02
3.878580334756019246e-210 1.031134801520122019e-01
1.549433978907568741e-233 7.213694274151921659e-02
7.839856530844756539e-58 5.018029222896232445e-54
2.593034500602141602e-212 1.127546439844479831e-01
8.901869628539985129e-201 5.149505801069740457e-02
1.083718817217216225e-226 1.071527870187992532e-01
7.351334236405904705e-215 1.210944102167480635e-01
1.165030125795364732e-234 6.614292794073005355e-02
1.256121174916856454e-53 3.020246049152777537e-58
4.243772220048401685e-58 9.063291466678516784e-54
3.821083419622536331e-55 1.097844036867872230e-56
2.373464830756930583e-51 1.128998431873921918e-60
3.768001370895346717e-48 2.841597294368726900e-64
2.565859319210636129e-61 9.173254447276771938e-51
4.361129415056670749e-62 4.530176114117542101e-50
2.327080720457992075e-55 1.813677746686903096e-56
3.747481419191865940e-56 1.132215855711809384e-55
1.337721833199763965e-56 3.144162103040752535e-55
4.957068038005052354e-58 7.805694879736759931e-54
1.579340711044372350e-51 1.758505118738138731e-60
1.531413213301351208e-207 8.949496510817642192e-02
1.141629099654167989e-223 1.184725806893325295e-01
5.992364699054251240e-222 1.228515529692735114e-01
6.840306102119151373e-210 1.019038985085942151e-01
4.052423107214081918e-199 4.313652346777606394e-02
1.674056735131130711e-207 8.928035858925245649e-02
2.148441965923550153e-212 1.130756945494609256e-01
3.103738353411814070e-222 1.222424170188519676e-01
1.769167670143678233e-219 1.259903589050342110e-01
1.582722704734780628e-200 5.019216697247717157e-02
1.524442832623010846e-54 2.676735247667438311e-57
3.417576915802201313e-52 9.172529029362892696e-60
1.258380480285924052e-59 2.543852362332510196e-52
8.605155974286382925e-61 3.044352721365713350e-51
1.114560300434657870e-59 2.849351007811109197e-52
2.409905988053516984e-220 1.253361797779495579e-01
4.602738823896774854e-200 4.781406974898438217e-02
4.646157897098786886e-206 8.112786143917395665e-02
1.037984437082694343e-47 8.722346573000159708e-65
4.918368797535569986e-212 1.116377824029278903e-01
5.475500119818591571e-226 1.101411474325756090e-01
3.854943378657692145e-219 1.261114677521970873e-01
2.185590597908715694e-49 7.429033314211816130e-63
2.435636774900533271e-56 1.737443059123627482e-55
2.462758576747414125e-58 1.527188193594676323e-53
5.332155604880084362e-236 5.917882607322950267e-02
2.348004340362948384e-224 1.162729846067284689e-01
