5.863742132680156573e-92 1.000000000000000000e+00
7.294642797036309426e-119 1.000000000000000000e+00
4.109158203509474173e-106 1.000000000000000000e+00
1.636813408587866271e-125 1.000000000000000000e+00
2.713423946077259179e-112 1.000000000000000000e+00
5.502866870976602453e-109 1.000000000000000000e+00
1.000000000000000000e+00 7.342741424296486365e-31
1.000000000000000000e+00 3.523651657223590196e-35
1.000000000000000000e+00 8.252115033162108633e-34
1.000000000000000000e+00 1.746914857547501429e-30
1.000000000000000000e+00 4.370345284929139379e-30
1.000000000000000000e+00 4.369814990310347728e-35
1.000000000000000000e+00 1.617940037839257717e-29
1.000000000000000000e+00 1.131900818805787431e-32
1.000000000000000000e+00 1.165231700001593031e-34
1.000000000000000000e+00 4.883381391029625249e-36
4.043768739222313853e-104 1.000000000000000000e+00
7.114060551475168889e-114 1.000000000000000000e+00
2.032260377501777890e-112 1.000000000000000000e+00
5.467777973986867636e-123 1.000000000000000000e+00
1.000000000000000000e+00 1.906700368129504766e-31
1.000000000000000000e+00 4.678968993070849272e-26
1.000000000000000000e+00 6.192426019595001083e-34
4.339543741338997301e-92 1.000000000000000000e+00
1.000000000000000000e+00 5.534797222741530667e-34
1.000000000000000000e+00 2.787378223666386676e-28
1.000000000000000000e+00 5.860139994708363113e-28
1.000000000000000000e+00 4.081052216985770718e-25
1.000000000000000000e+00 1.300801838435109764e-34
1.000000000000000000e+00 3.233238807818234984e-28
1.000000000000000000e+00 4.783899705574181060e-28
1.000000000000000000e+00 1.198905419453510840e-31
1.171918140866689846e-94 1.000000000000000000e+00
1.729503707268003432e-113 1.000000000000000000e+00
1.000000000000000000e+00 2.539275653414746244e-35
1.000000000000000000e+00 1.262843971080455193e-29
1.000000000000000000e+00 2.147205785910551578e-30
1.000000000000000000e+00 2.381718941754874426e-34
1.000000000000000000e+00 1.002458229155934816e-25
1.000000000000000000e+00 1.233922652811741836e-35
8.087584196954040416e-94 1.000000000000000000e+00
1.092669306485504381e-111 1.000000000000000000e+00
1.409931946482185797e-113 1.000000000000000000e+00
1.000000000000000000e+00 1.087647863078961812e-25
1.000000000000000000e+00 3.706499305881649386e-27
3.662038701119671893e-111 1.000000000000000000e+00
4.333879592926521274e-98 1.000000000000000000e+00
3.636494817103903104e-90 1.000000000000000000e+00
1.025494649327671669e-135 1.000000000000000000e+00
1.575328009045165150e-109 1.000000000000000000e+00
6.318261341401223576e-108 1.000000000000000000e+00
1.398256031273739733e-118 1.000000000000000000e+00
1.000000000000000000e+00 3.780640120975935623e-32
2.986781757413620356e-106 1.000000000000000000e+00
1.000000000000000000e+00 3.711467286339818068e-32
1.000000000000000000e+00 6.681823281327099312e-33
1.000000000000000000e+00 1.842392655947875024e-30
1.626032844335581384e-115 1.000000000000000000e+00
1.000000000000000000e+00 8.514384282503813161e-33
1.000000000000000000e+00 2.187474232449587980e-31
3.707896230800882349e-121 1.000000000000000000e+00
1.000000000000000000e+00 5.340030563765708876e-26
1.000000000000000000e+00 1.246563403737702739e-28
1.000000000000000000e+00 3.085575584565395083e-35
2.052922531651549824e-145 1.000000000000000000e+00
1.000000000000000000e+00 3.931601865325561034e-30
1.000000000000000000e+00 6.621822235191993180e-36
1.000000000000000000e+00 5.563387091180001790e-29
1.000000000000000000e+00 2.709392761430234359e-29
1.000000000000000000e+00 1.461243977084543443e-34
1.000000000000000000e+00 7.177588350803602329e-33
4.019834520960967144e-105 1.000000000000000000e+00
1.043229811940553936e-81 1.000000000000000000e+00
4.210191735933751031e-113 1.000000000000000000e+00
8.463996826285328078e-81 1.000000000000000000e+00
3.411910489889497480e-120 1.000000000000000000e+00
5.811507074845033495e-124 1.000000000000000000e+00
1.187858486027650732e-117 1.000000000000000000e+00
1.049442620814978023e-93 1.000000000000000000e+00
2.015766597638640364e-104 1.000000000000000000e+00
9.712499554753871717e-104 1.000000000000000000e+00
1.000000000000000000e+00 2.018807797323090145e-30
1.000000000000000000e+00 2.661101526648658180e-29
1.000000000000000000e+00 4.388094419777981235e-33
1.000000000000000000e+00 2.131784759943294269e-32
1.000000000000000000e+00 7.701089867822996706e-29
1.271632921963473949e-110 1.000000000000000000e+00
3.425698076715163350e-95 1.000000000000000000e+00
2.604042192200812489e-128 1.000000000000000000e+00
2.775512381771308980e-126 1.000000000000000000e+00
2.343701964190041199e-96 1.000000000000000000e+00
6.366864589406798236e-109 1.000000000000000000e+00
2.900127166806447616e-86 1.000000000000000000e+00
2.715990999426974265e-108 1.000000000000000000e+00
3.028096625539112289e-104 1.000000000000000000e+00
4.109721850318358620e-107 1.000000000000000000e+00
1.000000000000000000e+00 3.073825536879832971e-29
1.000000000000000000e+00 4.876629088704136267e-31
1.000000000000000000e+00 4.264136552086164540e-36
1.327423548296817587e-128 1.000000000000000000e+00
3.240578422394815912e-110 1.000000000000000000e+00
1.785155861635929107e-115 1.000000000000000000e+00
2.402996751588042844e-105 1.000000000000000000e+00
4.613029133086427778e-100 1.000000000000000000e+00
2.204217792040417545e-109 1.000000000000000000e+00
9.752476594458529899e-117 1.000000000000000000e+00
4.359630817165762503e-89 1.000000000000000000e+00
3.116736449172677282e-142 1.000000000000000000e+00
5.680309994513982720e-114 1.000000000000000000e+00
5.134083082580667773e-92 1.000000000000000000e+00
1.000000000000000000e+00 1.013977159186754557e-34
5.286775237471509713e-100 1.000000000000000000e+00
4.850586492068078491e-83 1.000000000000000000e+00
2.871435270846366193e-90 1.000000000000000000e+00
1.000000000000000000e+00 6.288954529211103849e-33
1.000000000000000000e+00 3.459078744442505241e-35
1.000000000000000000e+00 9.722282553352279161e-34
1.000000000000000000e+00 8.985684596521279343e-31
1.000000000000000000e+00 1.250053335739821261e-25
1.000000000000000000e+00 5.513823866914928260e-27
3.064386982835512069e-125 1.000000000000000000e+00
3.083919167601082634e-106 1.000000000000000000e+00
4.214516268570641112e-115 1.000000000000000000e+00
7.131053469010738780e-113 1.000000000000000000e+00
1.000000000000000000e+00 3.539052288424441374e-29
1.000000000000000000e+00 2.992788219632003238e-34
1.000000000000000000e+00 2.459574655396796637e-31
1.000000000000000000e+00 6.655855293491434705e-27
1.000000000000000000e+00 2.861080935814094110e-33
1.000000000000000000e+00 1.327705739438505457e-35
1.000000000000000000e+00 8.493412690670284179e-34
1.000000000000000000e+00 2.372082406001785979e-30
1.000000000000000000e+00 1.966228620223368051e-33
5.589401545493253589e-120 1.000000000000000000e+00
8.560304971036641030e-123 1.000000000000000000e+00
1.967218201505491790e-106 1.000000000000000000e+00
1.000000000000000000e+00 1.912583824451506619e-31
1.000000000000000000e+00 1.044769935047802878e-33
1.000000000000000000e+00 5.208337586996398251e-30
1.079847758324625818e-124 1.000000000000000000e+00
9.390985154699355417e-116 1.000000000000000000e+00
3.593985996183021661e-123 1.000000000000000000e+00
1.000000000000000000e+00 4.091793182036947636e-29
1.000000000000000000e+00 7.773679138746888791e-29
1.000000000000000000e+00 2.034077080145403161e-30
1.000000000000000000e+00 1.170447332628206890e-31
1.000000000000000000e+00 3.143933847198670203e-34
1.000000000000000000e+00 4.929902055445410543e-34
1.000000000000000000e+00 9.120109957150113489e-36
6.936669234495063417e-102 1.000000000000000000e+00
1.000000000000000000e+00 1.048190690256160684e-29
5.107516227062439677e-107 1.000000000000000000e+00
2.112173297655850891e-91 1.000000000000000000e+00
7.195503716516160503e-107 1.000000000000000000e+00
2.249058182053377379e-105 1.000000000000000000e+00
5.428975234323455843e-108 1.000000000000000000e+00
5.304800711619030183e-123 1.000000000000000000e+00
2.459956716365466577e-119 1.000000000000000000e+00
8.182945433159035944e-98 1.000000000000000000e+00
1.763040322452042688e-130 1.000000000000000000e+00
6.046058112407377973e-140 1.000000000000000000e+00
1.416773918214951203e-112 1.000000000000000000e+00
1.756922287304537688e-133 1.000000000000000000e+00
1.000000000000000000e+00 3.346930610109333490e-34
1.000000000000000000e+00 2.577812318871027978e-33
1.000000000000000000e+00 1.672575833613172004e-28
1.000000000000000000e+00 1.605694516811215723e-31
1.000000000000000000e+00 6.132963629886746708e-33
1.000000000000000000e+00 1.032697869686728863e-35
1.000000000000000000e+00 3.208395684159236722e-27
1.000000000000000000e+00 2.046307343724115871e-35
1.000000000000000000e+00 3.728915080276351578e-34
1.000000000000000000e+00 6.866670644535755717e-31
2.297377915779578217e-105 1.000000000000000000e+00
5.708581088063214934e-109 1.000000000000000000e+00
2.083853570407539730e-128 1.000000000000000000e+00
1.811386830977827383e-94 1.000000000000000000e+00
1.639400929171604471e-123 1.000000000000000000e+00
1.791849096647484044e-123 1.000000000000000000e+00
2.199160329928896777e-107 1.000000000000000000e+00
2.045333125663272679e-108 1.000000000000000000e+00
1.244640869254940146e-106 1.000000000000000000e+00
2.358981719151292663e-129 1.000000000000000000e+00
1.000000000000000000e+00 1.341019895707805385e-31
1.000000000000000000e+00 4.403956839238340771e-31
1.000000000000000000e+00 2.388955636801244982e-30
1.000000000000000000e+00 1.312025903013823857e-34
1.000000000000000000e+00 9.703903023128102936e-28
1.276025115587567702e-110 1.000000000000000000e+00
7.468122185315640022e-92 1.000000000000000000e+00
1.441898978704517963e-99 1.000000000000000000e+00
1.000000000000000000e+00 1.754926496853537018e-33
1.000000000000000000e+00 4.575641885200242291e-27
1.000000000000000000e+00 3.010803891429941961e-31
1.000000000000000000e+00 1.330987060241405900e-31
1.000000000000000000e+00 1.705588537835924231e-36
1.000000000000000000e+00 4.868122347396580685e-34
1.000000000000000000e+00 6.178233832097883160e-27
1.000000000000000000e+00 1.586427989801558073e-31
1.000000000000000000e+00 2.291279864027957355e-35
1.000000000000000000e+00 4.787659380259832786e-35
8.324524833922060042e-94 1.000000000000000000e+00
7.350824273445677061e-105 1.000000000000000000e+00
2.785596673409800653e-108 1.000000000000000000e+00
1.000000000000000000e+00 6.797734320059425206e-33
2.828362461240190308e-91 1.000000000000000000e+00
1.623482495034826965e-109 1.000000000000000000e+00
7.814371812175907692e-132 1.000000000000000000e+00
8.855556693081943624e-96 1.000000000000000000e+00
5.809992170986391711e-102 1.000000000000000000e+00
2.440937048568417826e-92 1.000000000000000000e+00
8.935025754616928155e-130 1.000000000000000000e+00
1.321207114089052819e-121 1.000000000000000000e+00
2.044309518996053048e-109 1.000000000000000000e+00
1.549684691011129285e-100 1.000000000000000000e+00
2.989748368344946274e-118 1.000000000000000000e+00
2.165609735124034140e-93 1.000000000000000000e+00
1.000000000000000000e+00 9.400220065839134642e-29
1.000000000000000000e+00 8.654620899132855839e-33
1.000000000000000000e+00 1.324569975329304027e-31
1.000000000000000000e+00 2.312981491090466841e-30
1.000000000000000000e+00 1.731667464867442444e-34
1.000000000000000000e+00 3.947030066370579721e-29
1.000000000000000000e+00 1.236540570254722620e-33
2.021159526808952049e-135 1.000000000000000000e+00
4.965843549839724647e-122 1.000000000000000000e+00
1.405442571981380027e-102 1.000000000000000000e+00
2.301856410126139494e-88 1.000000000000000000e+00
5.571128634436259240e-80 1.000000000000000000e+00
1.792291985404548998e-105 1.000000000000000000e+00
4.179625340927644125e-109 1.000000000000000000e+00
8.998125728650089442e-129 1.000000000000000000e+00
2.344290963940415838e-114 1.000000000000000000e+00
1.398032015607222671e-128 1.000000000000000000e+00
3.442208167104121278e-103 1.000000000000000000e+00
3.071145854977665130e-108 1.000000000000000000e+00
1.000000000000000000e+00 8.710286004133037357e-31
1.000000000000000000e+00 3.290477978043625848e-33
4.011711689624591148e-107 1.000000000000000000e+00
6.580023145065152870e-110 1.000000000000000000e+00
5.132028482938665812e-110 1.000000000000000000e+00
2.177182351002569978e-95 1.000000000000000000e+00
1.000000000000000000e+00 1.258960919683735140e-30
1.000000000000000000e+00 1.370164644094754117e-27
1.000000000000000000e+00 5.085373078363280233e-27
1.000000000000000000e+00 2.655591426615211925e-29
1.000000000000000000e+00 2.141753974324059282e-34
1.000000000000000000e+00 1.276150169788537797e-33
1.000000000000000000e+00 9.431399617597424518e-28
1.000000000000000000e+00 2.297383856977540110e-35
1.000000000000000000e+00 1.192357326938770634e-30
1.000000000000000000e+00 6.326590941758268174e-32
1.000000000000000000e+00 4.347649866892092418e-32
1.000000000000000000e+00 6.366496464125677432e-31
1.000000000000000000e+00 1.819275671260726457e-32
1.000000000000000000e+00 3.246551429711509131e-34
1.000000000000000000e+00 1.770818039723209659e-36
1.000000000000000000e+00 3.999820096172424169e-34
1.000000000000000000e+00 3.973709306279973735e-32
1.000000000000000000e+00 5.481857232691434505e-33
1.000000000000000000e+00 5.738975506100866213e-32
1.000000000000000000e+00 2.597340817245072030e-26
1.000000000000000000e+00 1.076742305408048773e-29
1.000000000000000000e+00 6.465621526688267383e-34
2.947050625773685061e-122 1.000000000000000000e+00
1.000000000000000000e+00 3.755508280865221971e-30
1.000000000000000000e+00 3.907479226835076880e-35
1.000000000000000000e+00 1.271667656175678790e-33
1.939669135337009366e-112 1.000000000000000000e+00
1.733952709686550807e-106 1.000000000000000000e+00
1.000000000000000000e+00 1.772687574081706198e-30
1.000000000000000000e+00 2.867539711585492062e-29
1.000000000000000000e+00 1.277217426129649848e-30
1.000000000000000000e+00 2.157547731512495856e-28
1.000000000000000000e+00 1.839163660883540206e-33
1.000000000000000000e+00 1.065781829604720232e-32
1.000000000000000000e+00 6.793769161691175005e-32
1.000000000000000000e+00 8.773968107472868920e-27
1.000000000000000000e+00 1.564851046477889376e-29
1.000000000000000000e+00 4.969652575704146985e-29
1.000000000000000000e+00 1.006107606087479940e-31
1.000000000000000000e+00 4.318024761143180222e-31
1.000000000000000000e+00 1.885951742187830234e-30
1.000000000000000000e+00 1.423337034213221608e-35
1.000000000000000000e+00 1.587967402653193796e-29
8.900246021211381446e-90 1.000000000000000000e+00
1.000000000000000000e+00 2.689381682339106552e-28
1.000000000000000000e+00 7.396601390901937524e-27
1.000000000000000000e+00 4.584990165345269087e-29
1.000000000000000000e+00 3.416948018172229970e-31
6.156086596267304282e-117 1.000000000000000000e+00
2.354256990931180870e-117 1.000000000000000000e+00
1.540087699791282297e-131 1.000000000000000000e+00
2.782570410394725130e-113 1.000000000000000000e+00
1.000000000000000000e+00 6.182863100546431082e-30
1.000000000000000000e+00 1.442141757434189098e-35
3.344498065454749786e-116 1.000000000000000000e+00
1.458329384459362883e-106 1.000000000000000000e+00
1.000000000000000000e+00 1.604885470928486066e-26
4.348061789465578951e-117 1.000000000000000000e+00
1.444737343511175773e-134 1.000000000000000000e+00
1.065452478993434372e-113 1.000000000000000000e+00
1.133168344378360402e-132 1.000000000000000000e+00
2.026411534267693428e-100 1.000000000000000000e+00
5.478045289083753501e-124 1.000000000000000000e+00
9.382753381010474936e-139 1.000000000000000000e+00
7.701843326394307581e-120 1.000000000000000000e+00
2.745253798134958108e-112 1.000000000000000000e+00
2.837365585731177645e-101 1.000000000000000000e+00
9.343182044006447995e-121 1.000000000000000000e+00
2.932701739714365588e-136 1.000000000000000000e+00
1.000000000000000000e+00 1.124437339058273530e-31
3.328311092981746345e-125 1.000000000000000000e+00
7.384836214412827106e-102 1.000000000000000000e+00
5.090641377682827137e-84 1.000000000000000000e+00
7.421204793899399005e-112 1.000000000000000000e+00
8.882590079250034581e-130 1.000000000000000000e+00
2.070307275113718081e-88 1.000000000000000000e+00
1.586311901567879114e-124 1.000000000000000000e+00
1.175105519054691772e-130 1.000000000000000000e+00
2.401176276371814938e-106 1.000000000000000000e+00
1.658629873691420124e-102 1.000000000000000000e+00
2.077090263307674925e-107 1.000000000000000000e+00
1.000000000000000000e+00 2.119695989832284677e-33
1.000000000000000000e+00 1.555290211732837361e-31
1.000000000000000000e+00 7.937855344948183377e-30
1.000000000000000000e+00 1.169678160144471017e-30
3.613490521811989429e-123 1.000000000000000000e+00
2.728510067464120535e-114 1.000000000000000000e+00
1.000000000000000000e+00 6.787794734560312911e-30
1.000000000000000000e+00 3.460098920063762232e-28
1.000000000000000000e+00 6.600266933044178705e-31
1.000000000000000000e+00 2.653835988032003338e-31
1.000000000000000000e+00 5.334041164750283943e-26
1.000000000000000000e+00 2.274145360078818479e-30
1.000000000000000000e+00 3.778568958096496195e-30
1.000000000000000000e+00 3.615588181289359254e-32
1.000000000000000000e+00 7.090134466246431678e-30
1.000000000000000000e+00 8.739468722534690049e-32
1.000000000000000000e+00 1.042222676367468704e-34
1.000000000000000000e+00 6.079028022861530765e-35
4.854565135327980648e-118 1.000000000000000000e+00
1.196379918585592137e-89 1.000000000000000000e+00
5.399599396104016837e-103 1.000000000000000000e+00
1.000000000000000000e+00 6.264834664917406061e-35
1.000000000000000000e+00 1.710613478648077120e-34
1.000000000000000000e+00 2.258779524821537056e-29
1.000000000000000000e+00 5.238726284687291954e-36
4.067827820167727796e-133 1.000000000000000000e+00
2.641092474551465107e-106 1.000000000000000000e+00
1.000000000000000000e+00 1.218953076738640003e-29
1.472190032683844782e-103 1.000000000000000000e+00
1.000000000000000000e+00 3.231311853495838731e-33
1.000000000000000000e+00 5.527844941222646320e-32
1.081858339420649417e-100 1.000000000000000000e+00
2.777439193106350361e-88 1.000000000000000000e+00
1.000000000000000000e+00 4.440127808333951330e-31
1.000000000000000000e+00 1.879548783243066507e-35
1.000000000000000000e+00 1.523234721917840339e-34
1.000000000000000000e+00 1.574102342674117386e-30
1.000000000000000000e+00 7.332002649740178863e-29
1.000000000000000000e+00 4.719032296144782794e-32
1.000000000000000000e+00 1.508785217041842074e-29
1.000000000000000000e+00 4.563252224016159658e-27
1.000000000000000000e+00 2.612631660786017753e-35
1.000000000000000000e+00 2.575535946584144772e-28
1.000000000000000000e+00 5.045148999766485671e-30
1.000000000000000000e+00 7.046571578025599229e-32
1.000000000000000000e+00 7.084488178865127188e-34
1.000000000000000000e+00 3.813086306347507458e-24
5.860842754529107699e-96 1.000000000000000000e+00
2.252087307843296565e-115 1.000000000000000000e+00
5.810591842288362085e-116 1.000000000000000000e+00
3.180660303565650002e-119 1.000000000000000000e+00
3.735381118580061395e-100 1.000000000000000000e+00
7.067436802105858560e-107 1.000000000000000000e+00
1.756703755903275328e-123 1.000000000000000000e+00
1.000000000000000000e+00 2.929996876711583472e-35
1.000000000000000000e+00 3.273078954235938306e-30
1.000000000000000000e+00 1.011472416242263043e-33
3.075662733794988723e-108 1.000000000000000000e+00
5.026396603653660078e-121 1.000000000000000000e+00
1.000000000000000000e+00 4.414946987095844873e-33
1.000000000000000000e+00 6.893360709564898404e-34
1.000000000000000000e+00 7.768998550338785104e-26
8.142152216244356285e-99 1.000000000000000000e+00
1.000000000000000000e+00 1.398930898936850065e-29
1.000000000000000000e+00 2.254977866124671937e-25
1.000000000000000000e+00 2.460079402696456305e-29
1.000000000000000000e+00 4.235984243967631254e-32
1.000000000000000000e+00 5.720103914026726761e-34
1.000000000000000000e+00 8.585868986783763495e-30
1.000000000000000000e+00 9.117040583417752684e-35
7.316656879661519291e-104 1.000000000000000000e+00
6.155126883415427149e-121 1.000000000000000000e+00
4.923396965943129789e-109 1.000000000000000000e+00
4.637928887869539816e-110 1.000000000000000000e+00
7.310016285342933968e-114 1.000000000000000000e+00
1.000000000000000000e+00 1.187497892013279714e-27
1.000000000000000000e+00 5.742091230672531336e-30
1.000000000000000000e+00 1.648573988110678583e-27
1.010524245542833089e-88 1.000000000000000000e+00
1.000000000000000000e+00 2.319792835342460323e-29
1.000000000000000000e+00 6.143271685692506598e-32
1.000000000000000000e+00 2.356656180843559061e-30
8.987706692692510139e-96 1.000000000000000000e+00
5.230181876113149969e-102 1.000000000000000000e+00
1.000000000000000000e+00 2.486374973259279945e-31
1.000000000000000000e+00 1.866503473256861671e-33
1.000000000000000000e+00 4.835147318146610220e-34
1.000000000000000000e+00 1.121389047843698783e-32
1.028808318017447606e-107 1.000000000000000000e+00
3.232271816247135714e-104 1.000000000000000000e+00
1.954567422487474930e-109 1.000000000000000000e+00
2.702156850977220571e-103 1.000000000000000000e+00
1.263865035797181014e-95 1.000000000000000000e+00
2.887021601110144894e-93 1.000000000000000000e+00
1.000000000000000000e+00 8.269717221361630017e-32
1.000000000000000000e+00 3.715800348519397955e-28
1.000000000000000000e+00 2.881399568967639120e-34
1.000000000000000000e+00 1.252600280586888848e-26
8.690158803536955390e-101 1.000000000000000000e+00
6.835108470881676508e-125 1.000000000000000000e+00
1.000000000000000000e+00 2.354913059612709209e-27
1.000000000000000000e+00 4.448901880164132518e-28
1.000000000000000000e+00 1.315406280267598736e-30
1.000000000000000000e+00 9.668780290006521653e-35
1.000000000000000000e+00 2.440580032107515744e-34
1.000000000000000000e+00 4.416902037452508813e-29
1.000000000000000000e+00 4.612853387862184086e-38
1.000000000000000000e+00 3.003980731279503869e-33
1.000000000000000000e+00 7.806731562929214717e-31
1.000000000000000000e+00 8.156410519014832658e-32
1.000000000000000000e+00 4.445485677867152342e-33
1.000000000000000000e+00 3.959814918586359522e-29
1.000000000000000000e+00 4.615203582912219254e-33
1.000000000000000000e+00 6.383438407993163851e-34
1.000000000000000000e+00 7.513950680991394729e-27
1.000000000000000000e+00 3.360933178838021516e-32
1.374556062115503769e-115 1.000000000000000000e+00
1.584688028249049033e-112 1.000000000000000000e+00
7.300369075677439230e-106 1.000000000000000000e+00
4.819349933712900380e-105 1.000000000000000000e+00
9.362754607339045684e-125 1.000000000000000000e+00
1.000000000000000000e+00 4.543204532260555632e-24
1.000000000000000000e+00 1.750886173757060017e-33
1.000000000000000000e+00 4.114066864214917242e-33
1.000000000000000000e+00 1.304640100086548602e-31
1.000000000000000000e+00 5.863499488089338757e-35
1.000000000000000000e+00 2.333531319520330117e-29
1.000000000000000000e+00 1.959629154355687853e-29
1.000000000000000000e+00 3.336675375441469354e-27
6.240676835999888248e-108 1.000000000000000000e+00
1.000000000000000000e+00 3.038256593220133921e-31
1.000000000000000000e+00 3.223972848466126195e-28
1.000000000000000000e+00 1.089800061183300290e-30
2.959984990320124607e-118 1.000000000000000000e+00
1.130257905189160321e-116 1.000000000000000000e+00
1.023919569082563392e-113 1.000000000000000000e+00
7.689756542756725465e-98 1.000000000000000000e+00
2.534146762451989406e-117 1.000000000000000000e+00
1.291985671863915869e-124 1.000000000000000000e+00
5.088875519833307133e-113 1.000000000000000000e+00
5.962062075425696622e-98 1.000000000000000000e+00
5.179299066702307257e-96 1.000000000000000000e+00
1.000000000000000000e+00 4.113387152633968803e-31
1.000000000000000000e+00 2.708895993981383370e-29
1.000000000000000000e+00 5.501842439129136522e-32
1.000000000000000000e+00 1.388512286232609586e-31
1.000000000000000000e+00 3.949183435353548001e-32
1.000000000000000000e+00 1.057918501982351239e-31
1.000000000000000000e+00 5.264041518864249721e-30
1.000000000000000000e+00 5.053088355286539660e-33
1.000000000000000000e+00 6.631990296229575439e-35
3.286370684519710111e-99 1.000000000000000000e+00
4.209171784925856651e-123 1.000000000000000000e+00
1.575538848371230320e-109 1.000000000000000000e+00
1.000000000000000000e+00 4.397979778763232338e-31
1.000000000000000000e+00 1.880858979871933973e-29
1.000000000000000000e+00 1.353287652487423297e-30
1.000000000000000000e+00 1.818554160522383020e-34
1.000000000000000000e+00 1.794282489402268240e-36
4.517440427261314025e-108 1.000000000000000000e+00
9.776262771071366632e-122 1.000000000000000000e+00
5.662522317154493880e-125 1.000000000000000000e+00
1.000000000000000000e+00 2.010825039135941938e-22
2.104561381092691553e-121 1.000000000000000000e+00
5.147365751799599692e-117 1.000000000000000000e+00
1.000000000000000000e+00 1.570261691998363689e-29
1.000000000000000000e+00 6.475201128547945000e-33
1.000000000000000000e+00 5.488183480373054533e-34
1.000000000000000000e+00 2.070761807170960285e-31
1.000000000000000000e+00 5.783427275427018206e-28
1.000000000000000000e+00 8.997994498653258900e-30
1.000000000000000000e+00 3.007922805344823695e-26
1.000000000000000000e+00 2.452015051817049458e-30
1.000000000000000000e+00 6.552510208920749736e-28
1.000000000000000000e+00 3.610112760900077700e-33
1.000000000000000000e+00 2.714536143301732627e-25
1.000000000000000000e+00 4.416524122697513639e-30
1.000000000000000000e+00 3.134683499360409819e-36
1.000000000000000000e+00 6.357090356962119016e-31
1.000000000000000000e+00 2.205081545311145103e-31
1.000000000000000000e+00 3.986983990913940121e-34
8.990851620679644477e-113 1.000000000000000000e+00
1.000000000000000000e+00 2.285187995907613038e-29
1.000000000000000000e+00 1.234740061213561136e-26
1.000000000000000000e+00 5.605576535592422465e-28
1.000000000000000000e+00 2.433224007779735452e-29
1.000000000000000000e+00 6.203480214523439142e-35
1.000000000000000000e+00 6.679094349098171355e-31
3.407313142003349228e-119 1.000000000000000000e+00
5.347784520520937140e-135 1.000000000000000000e+00
8.787520353836583607e-90 1.000000000000000000e+00
5.260279700773543408e-109 1.000000000000000000e+00
4.644348393331058856e-102 1.000000000000000000e+00
1.000000000000000000e+00 3.470602615939604707e-27
7.050619582480992678e-111 1.000000000000000000e+00
9.564466978100168925e-88 1.000000000000000000e+00
1.054657089801410371e-91 1.000000000000000000e+00
5.685727990625440509e-106 1.000000000000000000e+00
7.664166028393936655e-112 1.000000000000000000e+00
1.816695081233971700e-110 1.000000000000000000e+00
2.419540162257639765e-113 1.000000000000000000e+00
1.675121116013376688e-145 1.000000000000000000e+00
1.265262255206161477e-90 1.000000000000000000e+00
5.034970242280904211e-102 1.000000000000000000e+00
3.011208303013317133e-113 1.000000000000000000e+00
2.576699157774317001e-109 1.000000000000000000e+00
1.750201780834580329e-117 1.000000000000000000e+00
5.650882549568494665e-117 1.000000000000000000e+00
1.874136756412617872e-104 1.000000000000000000e+00
3.160569874203108095e-110 1.000000000000000000e+00
1.000000000000000000e+00 1.065329925961336671e-35
1.000000000000000000e+00 8.533239193847589408e-33
1.000000000000000000e+00 1.197002285128569241e-33
1.000000000000000000e+00 8.900921767028665233e-27
1.000000000000000000e+00 4.339862565857527202e-28
2.315623599454920760e-134 1.000000000000000000e+00
6.256061321202445201e-104 1.000000000000000000e+00
2.876453458337251200e-110 1.000000000000000000e+00
2.564451011169670881e-118 1.000000000000000000e+00
1.819114243506319972e-96 1.000000000000000000e+00
2.971481538761133685e-105 1.000000000000000000e+00
1.875274160324574792e-101 1.000000000000000000e+00
1.000000000000000000e+00 6.284793081873394596e-31
1.000000000000000000e+00 1.659166096604446360e-26
1.000000000000000000e+00 3.947173445437893333e-34
1.000000000000000000e+00 1.525307377317911261e-31
1.000000000000000000e+00 1.256589975690240711e-27
3.477594193205538097e-115 1.000000000000000000e+00
2.778852848594500254e-109 1.000000000000000000e+00
1.000000000000000000e+00 2.996222198574250652e-29
1.000000000000000000e+00 1.987693375341756181e-30
1.000000000000000000e+00 7.070881841543035647e-31
1.000000000000000000e+00 4.587147723177442758e-32
1.000000000000000000e+00 4.127691655851972053e-33
1.265145507496661243e-85 1.000000000000000000e+00
4.271358007428284931e-122 1.000000000000000000e+00
1.026803141191231744e-97 1.000000000000000000e+00
4.787225720023088988e-118 1.000000000000000000e+00
1.984262316054451022e-115 1.000000000000000000e+00
1.074445916768100187e-109 1.000000000000000000e+00
1.935470653660920271e-118 1.000000000000000000e+00
3.232848919379971477e-128 1.000000000000000000e+00
2.646933011833051152e-121 1.000000000000000000e+00
1.000000000000000000e+00 1.220021288809063647e-26
1.102615993936623553e-89 1.000000000000000000e+00
1.875570776194202486e-124 1.000000000000000000e+00
2.905147746724337422e-106 1.000000000000000000e+00
2.873221680751643432e-119 1.000000000000000000e+00
9.747910211499057352e-119 1.000000000000000000e+00
1.640010514515337341e-103 1.000000000000000000e+00
9.979255329134351925e-110 1.000000000000000000e+00
8.006081531851181219e-134 1.000000000000000000e+00
5.232948022065206776e-114 1.000000000000000000e+00
8.026479491558858186e-108 1.000000000000000000e+00
9.281883101600899302e-117 1.000000000000000000e+00
2.234152820751768346e-115 1.000000000000000000e+00
7.224875041928908340e-127 1.000000000000000000e+00
8.427770997318253269e-96 1.000000000000000000e+00
1.575361639839073099e-134 1.000000000000000000e+00
1.000000000000000000e+00 4.518929394523031495e-30
1.000000000000000000e+00 5.068591955227871566e-29
1.000000000000000000e+00 6.666098904709746737e-37
1.000000000000000000e+00 2.484368325330631325e-36
8.082649019260219335e-108 1.000000000000000000e+00
1.703265887805495436e-101 1.000000000000000000e+00
1.000000000000000000e+00 1.237539625036255965e-33
1.000000000000000000e+00 8.592352166745063678e-29
1.000000000000000000e+00 3.689700297143579870e-33
1.000000000000000000e+00 1.891018456928595709e-29
1.000000000000000000e+00 1.425793811897919035e-31
1.000000000000000000e+00 1.262714216248877220e-34
1.000000000000000000e+00 1.915063491500950627e-25
1.000000000000000000e+00 9.135735112070159388e-35
1.000000000000000000e+00 7.455955245331318933e-30
1.000000000000000000e+00 1.734755677885098719e-30
1.000000000000000000e+00 1.232090810047764221e-27
1.000000000000000000e+00 9.072487711503742463e-33
1.000000000000000000e+00 5.802852579928981049e-34
1.000000000000000000e+00 2.186225934248755499e-28
1.000000000000000000e+00 5.477265064861926790e-26
1.000000000000000000e+00 6.056532885153474128e-31
1.000000000000000000e+00 1.065637598015766994e-25
3.760129302548426050e-109 1.000000000000000000e+00
2.017633223460498926e-98 1.000000000000000000e+00
1.000000000000000000e+00 4.906404221247268767e-31
1.000000000000000000e+00 2.266631628545347828e-31
1.000000000000000000e+00 1.061155460178424004e-30
1.458933811769329378e-132 1.000000000000000000e+00
4.255445693284895862e-98 1.000000000000000000e+00
7.582150394770087793e-109 1.000000000000000000e+00
2.458840882527391141e-107 1.000000000000000000e+00
1.000000000000000000e+00 8.620944819459818195e-26
1.000000000000000000e+00 1.344971866538714034e-32
1.000000000000000000e+00 1.288291249337739680e-27
5.035147617531611833e-102 1.000000000000000000e+00
4.354066241692559034e-113 1.000000000000000000e+00
2.106584236020630090e-102 1.000000000000000000e+00
3.143737011386009735e-105 1.000000000000000000e+00
1.000000000000000000e+00 9.958173037191459818e-28
1.000000000000000000e+00 1.777977998091152143e-31
1.000000000000000000e+00 1.000152863301210075e-33
1.000000000000000000e+00 1.817327428499955933e-33
1.000000000000000000e+00 3.536033816473117255e-36
1.000000000000000000e+00 1.396364024392146657e-32
6.892683431492540130e-120 1.000000000000000000e+00
3.100230522155957205e-114 1.000000000000000000e+00
4.818197819374148247e-107 1.000000000000000000e+00
3.693485998182471673e-109 1.000000000000000000e+00
4.212058475000553280e-126 1.000000000000000000e+00
1.862813661554128731e-132 1.000000000000000000e+00
1.000000000000000000e+00 3.835313953156512024e-26
1.000000000000000000e+00 3.144392807557886002e-31
1.000000000000000000e+00 1.186973675224263500e-33
1.000000000000000000e+00 4.448389170720357143e-30
1.000000000000000000e+00 5.713215940577628907e-32
1.000000000000000000e+00 1.905552950259037945e-34
1.000000000000000000e+00 9.811187740884901756e-31
1.000000000000000000e+00 1.882497794731699647e-30
1.000000000000000000e+00 2.403922566050195169e-30
1.000000000000000000e+00 6.085763052246209510e-31
1.000000000000000000e+00 6.976629153451514366e-30
1.000000000000000000e+00 6.273887808624191411e-34
1.000000000000000000e+00 9.872680149879880927e-33
1.000000000000000000e+00 6.000516876481075714e-34
1.000000000000000000e+00 1.898873289149212804e-34
1.000000000000000000e+00 8.500168428771294946e-33
1.000000000000000000e+00 7.627199696578832535e-35
1.000000000000000000e+00 4.192594220394895348e-32
1.469133022673798146e-96 1.000000000000000000e+00
3.300062996697375844e-95 1.000000000000000000e+00
8.107667514370031817e-132 1.000000000000000000e+00
6.268369208297570175e-99 1.000000000000000000e+00
1.000000000000000000e+00 6.007483506130604612e-32
1.513983051491766973e-94 1.000000000000000000e+00
8.671134719374994154e-120 1.000000000000000000e+00
1.000000000000000000e+00 4.176984552365337256e-33
1.000000000000000000e+00 8.800547277760819256e-35
1.000000000000000000e+00 3.113617397039404970e-32
1.000000000000000000e+00 2.370686298115816470e-32
1.101772388994236889e-97 1.000000000000000000e+00
3.886140809079273163e-99 1.000000000000000000e+00
6.048603773513813499e-131 1.000000000000000000e+00
6.776750128490460830e-98 1.000000000000000000e+00
4.776431419793281943e-105 1.000000000000000000e+00
3.608050742733630842e-87 1.000000000000000000e+00
1.200969262217483800e-120 1.000000000000000000e+00
2.874453549565711501e-129 1.000000000000000000e+00
7.164188721254462519e-117 1.000000000000000000e+00
5.205283560816033603e-101 1.000000000000000000e+00
4.179833942233565438e-85 1.000000000000000000e+00
1.000000000000000000e+00 7.320424284275919602e-30
1.000000000000000000e+00 8.785430959057225004e-35
1.279223113230205515e-110 1.000000000000000000e+00
4.948022904163900233e-125 1.000000000000000000e+00
1.240083503509468485e-138 1.000000000000000000e+00
1.000000000000000000e+00 3.147592162752527829e-30
1.000000000000000000e+00 2.372960812583533585e-30
4.735392804094722473e-119 1.000000000000000000e+00
3.945688807360319785e-118 1.000000000000000000e+00
1.000000000000000000e+00 2.311336069888176081e-32
1.000000000000000000e+00 1.644679931773947419e-36
3.175363907580722462e-96 1.000000000000000000e+00
1.176992470223399985e-105 1.000000000000000000e+00
5.867862768475476576e-115 1.000000000000000000e+00
6.017014716809267148e-117 1.000000000000000000e+00
5.136421817405834291e-101 1.000000000000000000e+00
1.000000000000000000e+00 2.715291188103088726e-34
1.000000000000000000e+00 5.674694528735793281e-32
1.000000000000000000e+00 7.649239811673407542e-30
1.000000000000000000e+00 1.681480280595483148e-34
1.000000000000000000e+00 4.009548773255112413e-33
1.000000000000000000e+00 1.667952223948188305e-28
1.000000000000000000e+00 3.395139316228113464e-33
1.000000000000000000e+00 1.411544087896029947e-36
1.000000000000000000e+00 2.802938140602810118e-26
1.930267810434137704e-120 1.000000000000000000e+00
3.203594153690083036e-117 1.000000000000000000e+00
4.966838681343751265e-129 1.000000000000000000e+00
1.187624397113466531e-110 1.000000000000000000e+00
4.709784664925083305e-111 1.000000000000000000e+00
1.000000000000000000e+00 2.506683397878536970e-30
1.000000000000000000e+00 4.264843639274307767e-34
1.000000000000000000e+00 5.063663003962821004e-35
1.000000000000000000e+00 6.300386973648915293e-33
1.000000000000000000e+00 1.628225700062055772e-25
1.000000000000000000e+00 1.368580926437973111e-26
1.000000000000000000e+00 1.497106282991686558e-32
1.000000000000000000e+00 1.004470208691961319e-29
1.000000000000000000e+00 1.153315455800163212e-29
5.381272266362125167e-106 1.000000000000000000e+00
1.000000000000000000e+00 1.829277497437176212e-32
1.000000000000000000e+00 8.479708992330676089e-31
1.000000000000000000e+00 3.070376086702527034e-32
1.000000000000000000e+00 1.231076657204988015e-34
1.000000000000000000e+00 1.027697251944264325e-29
1.000000000000000000e+00 6.929909709623233194e-30
1.000000000000000000e+00 6.159421316748196507e-32
1.000000000000000000e+00 2.661577912533747303e-32
1.000000000000000000e+00 1.338189732251388831e-31
1.048487538751626200e-94 1.000000000000000000e+00
1.226302732367326235e-111 1.000000000000000000e+00
1.000000000000000000e+00 3.381069568879419471e-32
6.564485400315768679e-106 1.000000000000000000e+00
1.000000000000000000e+00 8.697436704182105637e-29
1.000000000000000000e+00 8.263661911148716256e-32
1.000000000000000000e+00 6.655142330241921400e-34
1.000000000000000000e+00 2.311383072028700034e-29
1.000000000000000000e+00 9.838659563588949475e-23
1.000000000000000000e+00 1.004101693311253171e-31
1.000000000000000000e+00 3.668565649310288471e-32
1.000000000000000000e+00 9.265169996051349076e-33
1.189960866467365943e-125 1.000000000000000000e+00
1.476309401854342873e-113 1.000000000000000000e+00
1.606310079487734834e-89 1.000000000000000000e+00
1.000000000000000000e+00 3.870760349555302554e-32
1.000000000000000000e+00 1.084742528344155517e-30
1.000000000000000000e+00 4.186566121631274679e-33
1.000000000000000000e+00 2.334669316190532909e-27
1.000000000000000000e+00 6.934814837104758941e-33
1.000000000000000000e+00 9.537039091923489001e-31
1.000000000000000000e+00 3.950389619590748243e-31
1.000000000000000000e+00 5.037662457004822686e-30
1.000000000000000000e+00 2.098123104695735075e-37
1.000000000000000000e+00 1.852592276233800298e-31
1.000000000000000000e+00 1.947527806775566195e-31
1.000000000000000000e+00 1.493176069720674340e-32
1.000000000000000000e+00 6.223195332047208009e-35
1.000000000000000000e+00 1.213480787021998160e-33
1.000000000000000000e+00 6.586152312207151529e-35
1.000000000000000000e+00 8.918142744168446946e-35
4.979605931757152815e-93 1.000000000000000000e+00
1.000000000000000000e+00 8.081884282912495146e-26
1.000000000000000000e+00 1.579674178926119437e-29
2.751295467229565695e-84 1.000000000000000000e+00
1.000000000000000000e+00 7.340320832478328491e-31
2.539901565701906877e-103 1.000000000000000000e+00
6.218309727387824354e-100 1.000000000000000000e+00
4.318413313012226112e-138 1.000000000000000000e+00
1.000000000000000000e+00 6.365117502318106677e-30
1.000000000000000000e+00 4.347906916769596990e-31
1.000000000000000000e+00 2.727057508092495614e-34
3.471713767465954486e-111 1.000000000000000000e+00
2.504690013805441614e-105 1.000000000000000000e+00
5.306619244633847063e-95 1.000000000000000000e+00
1.199685129036418457e-98 1.000000000000000000e+00
4.622602244983926486e-127 1.000000000000000000e+00
3.725402875969649076e-98 1.000000000000000000e+00
1.997720216428233302e-89 1.000000000000000000e+00
5.799022074693744996e-98 1.000000000000000000e+00
1.000000000000000000e+00 9.412100277939091813e-31
1.000000000000000000e+00 1.564966535197439158e-36
3.540500595503643287e-93 1.000000000000000000e+00
1.323873855173563847e-78 1.000000000000000000e+00
1.000000000000000000e+00 6.508748527958282285e-29
1.000000000000000000e+00 3.260134173674191928e-35
1.000000000000000000e+00 2.722188034218768316e-35
1.000000000000000000e+00 1.775916077467627022e-31
1.000000000000000000e+00 2.558036372040898576e-32
1.000000000000000000e+00 2.360510643729475215e-38
1.000000000000000000e+00 4.809666378220702000e-31
1.000000000000000000e+00 2.456998911059825490e-35
1.000000000000000000e+00 9.378478938248149188e-33
2.576811004639694668e-104 1.000000000000000000e+00
7.324191929938283011e-121 1.000000000000000000e+00
1.000000000000000000e+00 4.595748219476066165e-31
1.000000000000000000e+00 7.858066367407248834e-28
5.400787425236076507e-106 1.000000000000000000e+00
4.324384758670721823e-116 1.000000000000000000e+00
1.000000000000000000e+00 8.282243371525733706e-34
1.000000000000000000e+00 2.569033202638770920e-27
1.000000000000000000e+00 4.742402851207871042e-36
1.000000000000000000e+00 1.491328396829495088e-30
1.000000000000000000e+00 2.738260827263065667e-32
1.000000000000000000e+00 2.002784660176066257e-30
1.000000000000000000e+00 9.812128934282213467e-34
1.888975654018297734e-102 1.000000000000000000e+00
1.677566521112472994e-114 1.000000000000000000e+00
9.896207654680439943e-125 1.000000000000000000e+00
1.000000000000000000e+00 2.286173434577405170e-31
1.000000000000000000e+00 8.401796366996756955e-32
1.000000000000000000e+00 7.796320220403616892e-33
1.000000000000000000e+00 4.487370911069033220e-31
1.000000000000000000e+00 7.925219505975871467e-26
1.000000000000000000e+00 1.170170082646010765e-31
1.000000000000000000e+00 2.500857792485760930e-31
1.000000000000000000e+00 3.687495525299811692e-36
1.000000000000000000e+00 1.072764959017551579e-24
1.000000000000000000e+00 4.238761627045677574e-31
1.000000000000000000e+00 8.950314768622257089e-29
1.000000000000000000e+00 1.056904966364661177e-29
1.000000000000000000e+00 6.346285856070796726e-35
1.000000000000000000e+00 4.293374117069816301e-30
1.000000000000000000e+00 1.688668060472687997e-25
1.000000000000000000e+00 7.100122696565669793e-32
1.288589615420336485e-107 1.000000000000000000e+00
3.892827878527065250e-100 1.000000000000000000e+00
1.313863960898382792e-126 1.000000000000000000e+00
1.326427683681486548e-93 1.000000000000000000e+00
7.720745037494330724e-105 1.000000000000000000e+00
1.241482313589870021e-117 1.000000000000000000e+00
2.643018504542746957e-98 1.000000000000000000e+00
6.997913992209826047e-121 1.000000000000000000e+00
1.000000000000000000e+00 4.110357016224511680e-29
1.000000000000000000e+00 1.719851875768779926e-33
1.000000000000000000e+00 3.473114932866716569e-36
1.000000000000000000e+00 3.677530527990434744e-29
1.000000000000000000e+00 2.295241344805376987e-29
1.000000000000000000e+00 6.386861476210122712e-33
1.802237662432466283e-123 1.000000000000000000e+00
9.226802520331302452e-114 1.000000000000000000e+00
1.648277988236009921e-96 1.000000000000000000e+00
5.627086316562790777e-105 1.000000000000000000e+00
1.000000000000000000e+00 8.192384798614909771e-34
1.000000000000000000e+00 1.496850120967873488e-31
1.000000000000000000e+00 5.181375724612679755e-35
1.000000000000000000e+00 6.368971193764363855e-31
1.000000000000000000e+00 7.302145805765567298e-33
1.000000000000000000e+00 8.676601534480209814e-27
1.000000000000000000e+00 3.371311122914023364e-28
1.000000000000000000e+00 1.055960013992180689e-29
1.000000000000000000e+00 2.661063935360805674e-33
1.000000000000000000e+00 3.091014488826391019e-27
1.000000000000000000e+00 4.822649973801386546e-35
1.000000000000000000e+00 9.332625650618995467e-34
1.000000000000000000e+00 2.090164116391628419e-28
8.702633503795488854e-145 1.000000000000000000e+00
1.922145878302885156e-109 1.000000000000000000e+00
7.738114309523575182e-112 1.000000000000000000e+00
6.825122645629781948e-135 1.000000000000000000e+00
4.909066889894851667e-100 1.000000000000000000e+00
5.008578460279970644e-111 1.000000000000000000e+00
6.448352266078288957e-104 1.000000000000000000e+00
3.051519753829754987e-107 1.000000000000000000e+00
2.635603868806021596e-109 1.000000000000000000e+00
4.630047515190297591e-106 1.000000000000000000e+00
3.727051224045795431e-100 1.000000000000000000e+00
1.860596620593508700e-130 1.000000000000000000e+00
2.086485021643635732e-104 1.000000000000000000e+00
7.846530772508821957e-102 1.000000000000000000e+00
7.008461983034653648e-105 1.000000000000000000e+00
2.715837727831820764e-88 1.000000000000000000e+00
1.191671796969407030e-116 1.000000000000000000e+00
1.000000000000000000e+00 1.276996667410917389e-31
1.000000000000000000e+00 5.227630568701919763e-27
1.000000000000000000e+00 2.448725900182747085e-29
1.000000000000000000e+00 1.806770488231340197e-31
1.000000000000000000e+00 3.739353343559208115e-33
1.232185784262626663e-116 1.000000000000000000e+00
1.591247017564790145e-99 1.000000000000000000e+00
1.734382720899751740e-150 1.000000000000000000e+00
2.260705759030197351e-116 1.000000000000000000e+00
1.143665439185082745e-101 1.000000000000000000e+00
3.045586371718765386e-121 1.000000000000000000e+00
1.697245697121341951e-122 1.000000000000000000e+00
4.648737408744361189e-91 1.000000000000000000e+00
1.354569467483952447e-114 1.000000000000000000e+00
1.806128776384614011e-100 1.000000000000000000e+00
5.915548772079059809e-105 1.000000000000000000e+00
8.072116840951577010e-112 1.000000000000000000e+00
1.879559095593856430e-120 1.000000000000000000e+00
1.000000000000000000e+00 1.576635562708922387e-35
1.000000000000000000e+00 1.357332292843607570e-26
1.000000000000000000e+00 8.093308829395673252e-35
1.000000000000000000e+00 1.433866949958101786e-32
1.000000000000000000e+00 1.155917033684909489e-31
1.000000000000000000e+00 4.607577992945740064e-31
1.000000000000000000e+00 2.179093265002904442e-28
2.208462917882487038e-113 1.000000000000000000e+00
4.628521330372458996e-123 1.000000000000000000e+00
2.079209659475297733e-127 1.000000000000000000e+00
9.267308022059503686e-95 1.000000000000000000e+00
7.102048899110894088e-98 1.000000000000000000e+00
1.000000000000000000e+00 2.348909327538523071e-32
1.000000000000000000e+00 8.738973441165582455e-31
4.208460660398190751e-103 1.000000000000000000e+00
1.000000000000000000e+00 2.809592227911994273e-29
1.000000000000000000e+00 1.102932024281771611e-30
1.000000000000000000e+00 4.997792640297096033e-35
1.000000000000000000e+00 2.405504683766090966e-30
1.000000000000000000e+00 1.088824941254386326e-32
1.000000000000000000e+00 7.867817360001830287e-28
3.584904724932904774e-100 1.000000000000000000e+00
1.000000000000000000e+00 3.691121383871095892e-31
1.000000000000000000e+00 1.828795705984173349e-28
1.000000000000000000e+00 1.620087031564195007e-32
1.000000000000000000e+00 2.835898316517282472e-33
1.000000000000000000e+00 1.232675081647055644e-28
1.000000000000000000e+00 1.509375648631668384e-31
1.000000000000000000e+00 1.013747610424662265e-30
1.000000000000000000e+00 1.316255488511644834e-32
1.000000000000000000e+00 1.341704401634201256e-30
1.000000000000000000e+00 1.751580587757808055e-31
6.095627985376300294e-119 1.000000000000000000e+00
6.922630438954858652e-108 1.000000000000000000e+00
1.705208457210451311e-125 1.000000000000000000e+00
2.439202198984484242e-118 1.000000000000000000e+00
3.596316840795929655e-104 1.000000000000000000e+00
1.000000000000000000e+00 1.190432794607264081e-30
1.000000000000000000e+00 1.319782824924977194e-31
1.000000000000000000e+00 3.588582163785231374e-31
1.000000000000000000e+00 9.453596912222580011e-32
1.000000000000000000e+00 3.422127734054663801e-29
6.971060788436556154e-105 1.000000000000000000e+00
3.293023307633939619e-117 1.000000000000000000e+00
3.469042298819417718e-134 1.000000000000000000e+00
4.894957064069143914e-127 1.000000000000000000e+00
6.522773992389646010e-132 1.000000000000000000e+00
1.623449639774049177e-115 1.000000000000000000e+00
6.544350073538001232e-130 1.000000000000000000e+00
1.000000000000000000e+00 4.413948935342180350e-31
1.000000000000000000e+00 4.316879421433796514e-27
1.000000000000000000e+00 2.075815168650088974e-38
1.000000000000000000e+00 1.087286899374566894e-32
1.000000000000000000e+00 1.298909213762739145e-31
1.000000000000000000e+00 4.561079435049857768e-32
1.000000000000000000e+00 2.412371577400533288e-32
1.000000000000000000e+00 1.255387535342798833e-33
1.000000000000000000e+00 1.711831097710282547e-32
1.000000000000000000e+00 5.692058651602964338e-29
1.000000000000000000e+00 6.035048235142978488e-35
1.000000000000000000e+00 1.267634219469847072e-25
1.000000000000000000e+00 6.506709435268147332e-32
1.000000000000000000e+00 2.371710543960139854e-32
1.000000000000000000e+00 7.114244339155406750e-35
1.000000000000000000e+00 5.583260379617197546e-32
1.000000000000000000e+00 1.329932459537939928e-32
1.000000000000000000e+00 1.073084003804905466e-29
1.000000000000000000e+00 6.247150602322326126e-32
1.025458976536856103e-116 1.000000000000000000e+00
1.555128256159067510e-122 1.000000000000000000e+00
1.152767428937916826e-102 1.000000000000000000e+00
2.746705140365692939e-126 1.000000000000000000e+00
1.000000000000000000e+00 1.793375894726486877e-29
5.114381960549611333e-104 1.000000000000000000e+00
2.264298989641350775e-93 1.000000000000000000e+00
2.534823963962288517e-119 1.000000000000000000e+00
2.177276546695152232e-107 1.000000000000000000e+00
1.954854410724480392e-127 1.000000000000000000e+00
1.000000000000000000e+00 7.040743502124281937e-32
1.000000000000000000e+00 3.900747765494067845e-30
1.000000000000000000e+00 7.575875114004795615e-32
1.000000000000000000e+00 6.123056581100939580e-34
1.000000000000000000e+00 1.326445666698344572e-35
1.000000000000000000e+00 3.391695831720191995e-28
1.000000000000000000e+00 1.011550053018911684e-27
1.000000000000000000e+00 1.004340502229304637e-31
1.000000000000000000e+00 2.857527958023652231e-31
1.000000000000000000e+00 5.180356485292277426e-31
1.000000000000000000e+00 3.558802135205501855e-30
1.000000000000000000e+00 7.616544190894321968e-34
2.942480315927707609e-99 1.000000000000000000e+00
2.922478202754758274e-116 1.000000000000000000e+00
1.600327086866873731e-114 1.000000000000000000e+00
2.030403044176152755e-102 1.000000000000000000e+00
9.795260878328413828e-92 1.000000000000000000e+00
4.869337807537694837e-100 1.000000000000000000e+00
6.417471240211651053e-105 1.000000000000000000e+00
8.234568188792973044e-115 1.000000000000000000e+00
4.962778740769589046e-112 1.000000000000000000e+00
3.996864963246569350e-93 1.000000000000000000e+00
1.000000000000000000e+00 2.288345917326891245e-31
1.000000000000000000e+00 1.739661926782397981e-33
1.000000000000000000e+00 3.180314430616398434e-29
1.000000000000000000e+00 1.617025001902240877e-28
1.000000000000000000e+00 3.421464500170926273e-29
4.394286732528829374e-112 1.000000000000000000e+00
1.146362503094073260e-92 1.000000000000000000e+00
1.325846467331573929e-98 1.000000000000000000e+00
1.000000000000000000e+00 5.265194842854659491e-35
9.700701334716175337e-104 1.000000000000000000e+00
1.310251158446116816e-118 1.000000000000000000e+00
1.087496812157379552e-111 1.000000000000000000e+00
1.000000000000000000e+00 3.747429113334934992e-34
1.000000000000000000e+00 3.663271387527509918e-31
1.000000000000000000e+00 5.382386851771339784e-30
5.514325569697036348e-128 1.000000000000000000e+00
5.899098910844193736e-117 1.000000000000000000e+00
