3.526780971830593363e-199 1.000000000000000000e+00
1.043211118808055579e-226 1.000000000000000000e+00
4.350882759850853267e-214 1.000000000000000000e+00
4.328904800815188536e-233 1.000000000000000000e+00
2.859733360510647853e-220 1.000000000000000000e+00
1.036642653024148779e-215 1.000000000000000000e+00
8.744801284694834198e-01 1.255198715305166357e-01
9.999999999999990008e-01 1.009629445193724616e-15
9.999999980466445226e-01 1.953355501940003417e-09
5.330571758481467831e-04 9.994669428241518272e-01
2.524636585101600820e-05 9.999747536341488940e-01
9.999999999996891376e-01 3.108617761636577988e-13
7.169511864955457797e-06 9.999928304881349206e-01
9.999614956877154182e-01 3.850431228454333357e-05
9.999999999999603650e-01 3.952792633513983509e-14
1.000000000000000000e+00 1.266835908109628765e-18
1.409296809231981079e-211 1.000000000000000000e+00
7.842644774985735645e-222 1.000000000000000000e+00
2.148056601867212687e-220 1.000000000000000000e+00
2.268866983885233512e-229 1.000000000000000000e+00
9.760344053351206473e-01 2.396559466487933540e-02
1.643714092728664146e-16 9.999999999999997780e-01
9.999999865790941689e-01 1.342090588025472198e-08
8.720109719188342823e-198 1.000000000000000000e+00
9.999999999954451990e-01 4.554897694884404691e-12
4.005576529573977750e-11 9.999999999599441525e-01
1.907053946991281524e-13 9.999999999998093747e-01
1.579425377981782840e-20 1.000000000000000000e+00
9.999999999727946509e-01 2.720530012568555428e-11
2.524274234295158398e-11 9.999999999747571922e-01
1.804904080291996055e-12 9.999999999981949994e-01
2.029163060254828566e-01 7.970836939745171712e-01
1.961055174151102667e-202 1.000000000000000000e+00
3.953519553060565224e-220 1.000000000000000000e+00
1.000000000000000000e+00 9.265695091393169775e-18
7.685136955179638773e-07 9.999992314863045406e-01
2.666319735348259175e-04 9.997333680264650635e-01
9.999999996910605704e-01 3.089394726917002418e-10
1.845812657889624614e-17 1.000000000000000000e+00
9.999999999999985567e-01 1.493462297069987380e-15
6.197666119242148601e-201 1.000000000000000000e+00
1.137481088526684338e-219 1.000000000000000000e+00
1.539092288845335969e-221 1.000000000000000000e+00
8.145021785335134495e-18 1.000000000000000000e+00
6.934088172524649897e-16 9.999999999999992228e-01
5.806391124745237561e-220 1.000000000000000000e+00
7.255627473580240417e-206 1.000000000000000000e+00
1.645360125695078436e-197 1.000000000000000000e+00
1.216587589927283752e-242 1.000000000000000000e+00
1.604844740213795788e-217 1.000000000000000000e+00
6.480947004587634350e-216 1.000000000000000000e+00
4.118150190978185926e-225 1.000000000000000000e+00
9.999351387235421162e-01 6.486127645796365988e-05
2.070307964579563293e-212 1.000000000000000000e+00
9.999971163391485618e-01 2.883660851447603541e-06
9.999945147927841171e-01 5.485207215857011031e-06
4.455754818651899230e-04 9.995544245181348098e-01
6.396376101251144723e-223 1.000000000000000000e+00
9.999998563457904721e-01 1.436542094607574560e-07
3.944384632296517590e-01 6.055615367703482965e-01
9.172761286609822635e-229 1.000000000000000000e+00
6.711237229682889774e-17 1.000000000000000000e+00
4.982947954142080045e-10 9.999999995017051502e-01
9.999999999999272804e-01 7.278352836285703559e-14
9.806239509219623458e-251 1.000000000000000000e+00
2.012027648417296158e-02 9.798797235158270835e-01
1.000000000000000000e+00 9.910782291797650336e-17
6.424216494037791014e-09 9.999999935757835079e-01
6.443608212669963997e-08 9.999999355639179743e-01
9.999999999979271026e-01 2.072939071768743864e-12
9.999928423877350037e-01 7.157612265042237091e-06
1.359543695045280657e-212 1.000000000000000000e+00
2.613041154310875168e-188 1.000000000000000000e+00
4.530116696876204097e-221 1.000000000000000000e+00
2.659381659489299119e-187 1.000000000000000000e+00
5.386969404296332027e-228 1.000000000000000000e+00
1.296846868240260342e-231 1.000000000000000000e+00
1.569018706901700987e-225 1.000000000000000000e+00
2.840851212194120015e-201 1.000000000000000000e+00
2.250349573128848232e-212 1.000000000000000000e+00
1.329078258141340421e-211 1.000000000000000000e+00
9.605124159042542631e-03 9.903948758409574227e-01
8.139698206239449676e-08 9.999999186030180676e-01
9.999988484126609567e-01 1.151587339060614140e-06
9.996107164205921825e-01 3.892835794078939845e-04
2.283480795843298209e-09 9.999999977165191511e-01
1.996402545118210146e-219 1.000000000000000000e+00
7.731509869526550489e-203 1.000000000000000000e+00
9.737355060412584192e-236 1.000000000000000000e+00
8.034282716504245350e-234 1.000000000000000000e+00
4.650036029789270299e-204 1.000000000000000000e+00
6.487953814821421300e-217 1.000000000000000000e+00
2.648288465665738161e-193 1.000000000000000000e+00
2.776714066489822117e-216 1.000000000000000000e+00
3.403719268522443551e-212 1.000000000000000000e+00
4.262575220461706506e-215 1.000000000000000000e+00
1.720157965040096153e-06 9.999982798420349317e-01
3.912584016917765306e-02 9.608741598308223608e-01
1.000000000000000000e+00 1.408644306825628055e-17
1.837156615984809837e-235 1.000000000000000000e+00
3.311438457386839662e-218 1.000000000000000000e+00
2.098274261821122744e-223 1.000000000000000000e+00
2.598859461830331084e-213 1.000000000000000000e+00
6.567697352660596542e-208 1.000000000000000000e+00
2.245091405979450627e-217 1.000000000000000000e+00
1.221549171523634810e-224 1.000000000000000000e+00
2.360709733874920815e-196 1.000000000000000000e+00
1.341586315660096802e-248 1.000000000000000000e+00
6.283272859669752259e-222 1.000000000000000000e+00
3.676461202379812064e-198 1.000000000000000000e+00
9.999999999999961142e-01 3.808249597849953665e-15
2.268734134041455367e-207 1.000000000000000000e+00
8.850590403233434613e-190 1.000000000000000000e+00
2.683642426685751914e-196 1.000000000000000000e+00
9.999999965934015522e-01 3.406598537738932725e-09
9.999999999999997780e-01 2.662253889212129717e-16
9.999999963293836336e-01 3.670616476457034395e-09
5.019791528448377081e-03 9.949802084715515527e-01
2.437454816539126401e-20 1.000000000000000000e+00
2.105959551012256196e-16 9.999999999999998890e-01
1.308218583343768671e-233 1.000000000000000000e+00
3.255533154495720705e-214 1.000000000000000000e+00
4.872197896422346342e-223 1.000000000000000000e+00
7.626297610231590115e-221 1.000000000000000000e+00
1.271695708422760551e-05 9.999872830429157311e-01
9.999999994539799930e-01 5.460199997713355795e-10
3.022672506899130584e-01 6.977327493100869971e-01
1.775047823510143803e-14 9.999999999999822364e-01
9.999997715094511852e-01 2.284905488259428650e-07
1.000000000000000000e+00 4.636014637069964555e-18
9.999999978227744890e-01 2.177225505223643656e-09
3.996339146253162153e-03 9.960036608537466973e-01
9.999988484392806631e-01 1.151560719236365428e-06
2.947919994347820046e-227 1.000000000000000000e+00
1.698509374933630680e-230 1.000000000000000000e+00
4.336748308127589816e-213 1.000000000000000000e+00
9.988190713177057534e-01 1.180928682294247502e-03
9.999999950145143091e-01 4.985485659632915048e-09
1.398090083872547368e-05 9.999860190991612940e-01
4.326642528271987977e-233 1.000000000000000000e+00
1.118334355572523455e-223 1.000000000000000000e+00
7.399245477862034221e-231 1.000000000000000000e+00
3.751917668183835538e-07 9.999996248082331229e-01
1.061693867768402111e-10 9.999999998938305934e-01
2.750189975916211556e-04 9.997249810024083638e-01
8.533626867288215401e-01 1.466373132711784322e-01
9.999999999916864279e-01 8.313596616669401960e-12
9.999999999875349710e-01 1.246501439127908906e-11
1.000000000000000000e+00 1.933385025644402913e-17
2.662465589442923212e-209 1.000000000000000000e+00
3.502727559835982281e-05 9.999649727244016573e-01
7.947607910546323790e-216 1.000000000000000000e+00
7.883742443469206442e-199 1.000000000000000000e+00
7.495097084869790063e-215 1.000000000000000000e+00
2.430237536466906055e-213 1.000000000000000000e+00
5.565025078072591784e-216 1.000000000000000000e+00
1.074075212698605103e-230 1.000000000000000000e+00
3.638664450279683709e-227 1.000000000000000000e+00
1.405082176538841568e-205 1.000000000000000000e+00
8.925591735415356077e-238 1.000000000000000000e+00
1.609523027455281495e-246 1.000000000000000000e+00
1.503171848921309047e-220 1.000000000000000000e+00
2.981740718379277639e-239 1.000000000000000000e+00
9.999999999999725775e-01 2.739199557700588257e-14
9.999998459968942877e-01 1.540031057720112554e-07
2.796796376880752061e-09 9.999999972032035389e-01
6.572065389655192824e-01 3.427934610344807176e-01
9.999985075735886575e-01 1.492426411354201314e-06
1.000000000000000000e+00 3.306965052345234095e-17
4.722207504591626973e-13 9.999999999995277111e-01
9.999999999999993339e-01 6.143822423045141804e-16
9.999999999138289297e-01 8.617107871209065714e-11
1.245592852709674452e-02 9.875440714729032399e-01
4.593751052380711021e-214 1.000000000000000000e+00
5.816435768971915332e-217 1.000000000000000000e+00
7.893215721134676379e-236 1.000000000000000000e+00
4.455445580776774604e-202 1.000000000000000000e+00
3.492573576498415747e-231 1.000000000000000000e+00
3.802440210811817541e-231 1.000000000000000000e+00
2.271167724203979693e-215 1.000000000000000000e+00
2.089223550492633042e-216 1.000000000000000000e+00
1.302523130112511421e-214 1.000000000000000000e+00
2.121783222525439505e-235 1.000000000000000000e+00
9.935424339591889531e-01 6.457566040811027822e-03
5.450483971628392044e-02 9.454951602837160518e-01
3.891207810202781969e-04 9.996108792189796199e-01
9.999999999718429677e-01 2.815708516897508902e-11
8.502898153633869651e-13 9.999999999991496802e-01
2.003249151585117573e-219 1.000000000000000000e+00
2.607433081582323948e-199 1.000000000000000000e+00
4.476009204891227127e-206 1.000000000000000000e+00
9.999999995215904658e-01 4.784096212556793688e-10
3.035349137875453128e-14 9.999999999999695799e-01
1.462476401849040764e-01 8.537523598150958959e-01
8.165733646449571115e-01 1.834266353550429163e-01
1.000000000000000000e+00 2.563694336540902542e-21
9.999999997508765004e-01 2.491234281027566179e-10
4.510758217499969433e-14 9.999999999999549249e-01
6.666654354342271827e-01 3.333345645657728173e-01
9.999999999999996669e-01 3.618121287437195012e-16
9.999999999999784617e-01 2.162375309787453086e-14
6.388902377733533544e-201 1.000000000000000000e+00
8.076835583009332818e-213 1.000000000000000000e+00
5.981042304023438548e-215 1.000000000000000000e+00
9.999999033653537150e-01 9.663464619465458133e-08
3.032871466763885481e-198 1.000000000000000000e+00
1.653862386908089484e-217 1.000000000000000000e+00
4.851309999401857422e-239 1.000000000000000000e+00
1.870069836585931712e-203 1.000000000000000000e+00
7.298720589306590926e-210 1.000000000000000000e+00
7.948248290061547781e-200 1.000000000000000000e+00
4.086045253779848439e-237 1.000000000000000000e+00
2.348143672585373550e-229 1.000000000000000000e+00
2.082277215352788147e-217 1.000000000000000000e+00
2.132530823982202574e-208 1.000000000000000000e+00
4.102044552695350790e-226 1.000000000000000000e+00
6.107929761201650421e-201 1.000000000000000000e+00
5.173759551506442098e-07 9.999994826240448109e-01
9.999258140836503328e-01 7.418591634974335415e-05
7.907964159758896772e-01 2.092035840241103783e-01
3.480987265062127686e-03 9.965190127349379257e-01
9.999999999140480877e-01 8.595195754474680718e-11
4.040223896619147151e-07 9.999995959776102339e-01
9.999998041817212968e-01 1.958182787053129428e-07
8.382610462440559372e-242 1.000000000000000000e+00
9.170064382447766423e-230 1.000000000000000000e+00
1.706206543942796477e-210 1.000000000000000000e+00
1.414502397770721658e-195 1.000000000000000000e+00
2.162517460602288872e-186 1.000000000000000000e+00
1.930945487695260522e-213 1.000000000000000000e+00
4.257501271795944924e-217 1.000000000000000000e+00
3.579743116593374487e-236 1.000000000000000000e+00
2.629629377989748779e-222 1.000000000000000000e+00
5.419860845432157274e-236 1.000000000000000000e+00
4.051943244896435861e-211 1.000000000000000000e+00
5.292932666001410987e-215 1.000000000000000000e+00
7.925230755410859196e-01 2.074769244589139972e-01
9.999980053781158951e-01 1.994621883991875374e-06
1.308526040802914114e-214 1.000000000000000000e+00
6.711703227914915577e-218 1.000000000000000000e+00
5.237641034153492318e-218 1.000000000000000000e+00
9.385238025416608588e-203 1.000000000000000000e+00
4.768470299203753787e-02 9.523152970079624691e-01
2.757307060369260946e-14 9.999999999999724665e-01
2.683118699576814818e-16 9.999999999999996669e-01
6.873789116865700978e-08 9.999999312621088432e-01
9.999999999903719239e-01 9.628074380531279905e-12
9.999999894732376493e-01 1.052676244698166438e-08
1.948375175090911618e-11 9.999999999805161410e-01
9.999999999999796829e-01 2.027987928067256016e-14
3.827532503531324432e-02 9.617246749646868320e-01
9.802134826142062662e-01 1.978651738579372682e-02
9.947503189592741268e-01 5.249681040725784689e-03
2.540902320418200744e-01 7.459097679581799811e-01
9.998342242976555605e-01 1.657757023444937931e-04
9.999999999975911491e-01 2.408847033933831404e-12
1.000000000000000000e+00 6.509916888297700691e-22
9.999999999945040630e-01 5.495889082050703962e-12
9.998242406465752685e-01 1.757593534247798889e-04
9.999998404594022672e-01 1.595405976138977227e-07
9.864309832064173111e-01 1.356901679358272876e-02
4.420162763561601668e-17 1.000000000000000000e+00
1.286076637200167983e-06 9.999987139233628142e-01
9.999999841159122882e-01 1.588408785055093293e-08
2.808764675077757970e-229 1.000000000000000000e+00
2.345822937598418187e-02 9.765417706240157036e-01
9.999999999999908962e-01 9.088950240581532740e-15
9.999999896146830602e-01 1.038531691135596405e-08
6.668131548534184251e-220 1.000000000000000000e+00
2.365809599328885112e-214 1.000000000000000000e+00
1.499083708841634881e-02 9.850091629115836911e-01
3.327247826133171050e-09 9.999999966727521894e-01
7.294722555521829287e-05 9.999270527744448245e-01
8.921095367215331301e-11 9.999999999107891391e-01
9.999999573285160981e-01 4.267148388359982001e-08
9.999978115197714068e-01 2.188480228586827549e-06
9.755281964219140178e-01 2.447180357808588502e-02
1.080102046991596861e-15 9.999999999999990008e-01
1.811864603509514387e-08 9.999999818813539720e-01
3.362730090476154749e-09 9.999999966372700166e-01
3.334414269628560024e-01 6.665585730371440532e-01
2.155054813861058405e-02 9.784494518613894298e-01
5.879915457247592752e-04 9.994120084542753579e-01
9.999999999999973355e-01 2.751615103588438353e-15
3.627934117246259067e-07 9.999996372065882433e-01
5.693875117150561777e-198 1.000000000000000000e+00
8.284008244938896536e-10 9.999999991715992076e-01
8.757123572341026031e-17 9.999999999999998890e-01
6.416159841535623181e-10 9.999999993583840174e-01
6.559564557767849635e-03 9.934404354422321504e-01
1.402142722086953146e-225 1.000000000000000000e+00
3.054505454447814896e-225 1.000000000000000000e+00
9.136950691282423813e-239 1.000000000000000000e+00
3.272641420849085907e-221 1.000000000000000000e+00
4.366319350227424768e-03 9.956336806497726455e-01
9.999999999999970024e-01 2.899918074110244521e-15
1.353688544115352291e-223 1.000000000000000000e+00
1.528334931117007988e-214 1.000000000000000000e+00
2.476043373992206214e-15 9.999999999999974465e-01
8.837955866669417964e-226 1.000000000000000000e+00
1.401591962944235924e-241 1.000000000000000000e+00
1.167666715145307774e-221 1.000000000000000000e+00
8.028401540894790177e-240 1.000000000000000000e+00
2.811492351204323674e-208 1.000000000000000000e+00
1.225718427544567513e-231 1.000000000000000000e+00
1.968383851474817980e-245 1.000000000000000000e+00
1.183033844657609378e-227 1.000000000000000000e+00
2.892948349396696720e-220 1.000000000000000000e+00
3.716969144479221480e-209 1.000000000000000000e+00
1.543872742703679908e-228 1.000000000000000000e+00
8.030726541617999355e-242 1.000000000000000000e+00
9.964027371027595059e-01 3.597262897240413853e-03
2.961069265262316340e-232 1.000000000000000000e+00
9.333745658197454223e-210 1.000000000000000000e+00
7.445107784595215083e-191 1.000000000000000000e+00
7.749930833655111640e-220 1.000000000000000000e+00
4.063541609454911398e-237 1.000000000000000000e+00
1.261815183166799702e-195 1.000000000000000000e+00
3.758614821018746759e-232 1.000000000000000000e+00
6.105251968047657648e-238 1.000000000000000000e+00
2.528415178676830160e-214 1.000000000000000000e+00
2.021304754637804255e-210 1.000000000000000000e+00
4.503085845863449204e-214 1.000000000000000000e+00
9.999999996449882023e-01 3.550117833168820349e-10
6.819121225946922493e-01 3.180878774053077507e-01
2.437739267142820135e-06 9.999975622607328862e-01
9.822178200701053201e-05 9.999017782179929759e-01
1.226969439113981906e-231 1.000000000000000000e+00
3.062342408921703745e-222 1.000000000000000000e+00
1.520991400756035094e-04 9.998479008599243656e-01
9.942327402886743025e-13 9.999999999990057953e-01
9.011838898187718959e-04 9.990988161101812537e-01
1.580669414060584949e-02 9.841933058593941297e-01
3.428817819283360300e-19 1.000000000000000000e+00
1.048524712467905811e-05 9.999895147528753414e-01
3.846661209197885521e-05 9.999615333879081636e-01
9.476846838785581983e-01 5.231531612144171839e-02
9.537133742891313129e-05 9.999046286625710156e-01
9.422531550804553735e-01 5.774684491954462651e-02
9.999999999999459321e-01 5.410008412256244282e-14
9.999999999999419353e-01 5.801364170913983812e-14
2.207517750460553603e-225 1.000000000000000000e+00
5.891905620533775930e-197 1.000000000000000000e+00
1.347563458238609191e-209 1.000000000000000000e+00
1.000000000000000000e+00 2.294019710868717915e-17
9.999999999960904606e-01 3.909520424975783489e-12
2.433319465598179589e-06 9.999975666805344110e-01
1.000000000000000000e+00 3.622852813398961139e-17
1.127848298762465566e-239 1.000000000000000000e+00
2.784857207232658513e-214 1.000000000000000000e+00
2.108385926909969854e-05 9.999789161407309779e-01
5.238088388024904890e-211 1.000000000000000000e+00
9.999999996851893780e-01 3.148105460425553550e-10
9.881092457332781853e-01 1.189075426672177652e-02
4.390277313956422496e-208 1.000000000000000000e+00
3.555048910846503196e-194 1.000000000000000000e+00
9.763828923660194947e-01 2.361710763398052956e-02
1.000000000000000000e+00 3.004137173308628041e-17
9.999999999975510701e-01 2.448967571987350884e-12
7.563044574392721858e-04 9.992436955425606504e-01
2.385975672540225350e-09 9.999999976140243607e-01
8.744518476145275443e-01 1.255481523854724002e-01
3.771612691635810356e-07 9.999996228387307839e-01
7.796687725949960207e-15 9.999999999999922284e-01
9.999999999999638067e-01 3.619017702853963825e-14
5.126109508322923756e-11 9.999999999487388935e-01
1.512115408257832047e-05 9.999848788459173576e-01
9.722302367260596823e-01 2.776976327394032815e-02
9.999999983200272835e-01 1.679972744055194787e-09
3.004612920005872400e-23 1.000000000000000000e+00
1.685767954797230021e-204 1.000000000000000000e+00
2.634987345953224056e-223 1.000000000000000000e+00
6.990044945371158891e-224 1.000000000000000000e+00
4.666691357696848550e-227 1.000000000000000000e+00
5.282503389987863075e-208 1.000000000000000000e+00
7.360628132770885192e-215 1.000000000000000000e+00
7.835324893728020339e-230 1.000000000000000000e+00
1.000000000000000000e+00 1.742337448954424977e-17
1.368341636147504163e-03 9.986316583638525923e-01
9.999999098636975781e-01 9.013630247430047054e-08
9.964996236162222188e-216 1.000000000000000000e+00
1.783972802348834560e-227 1.000000000000000000e+00
9.999999991377703790e-01 8.622297134272903951e-10
9.999999990290360241e-01 9.709640611312284418e-10
1.836627613010724513e-18 1.000000000000000000e+00
1.813718961729992939e-207 1.000000000000000000e+00
1.328188806064064844e-05 9.999867181119392878e-01
4.077720379451370605e-21 1.000000000000000000e+00
8.757332154912084449e-08 9.999999124266784056e-01
9.953781833790953382e-01 4.621816620904682649e-03
9.999999994880054421e-01 5.119946421202560202e-10
5.665792930443502986e-05 9.999433420706956843e-01
9.999999999935810235e-01 6.418954031255442037e-12
2.572976704619378319e-211 1.000000000000000000e+00
1.032582174725716033e-228 1.000000000000000000e+00
5.015718781294327613e-217 1.000000000000000000e+00
4.734564680037930781e-218 1.000000000000000000e+00
8.055417240956470740e-222 1.000000000000000000e+00
7.499583699646488890e-12 9.999999999925003324e-01
4.824263870141132985e-07 9.999995175736129394e-01
8.036685864458633945e-15 9.999999999999920064e-01
7.678633750018046241e-197 1.000000000000000000e+00
3.833884606320912093e-05 9.999616611539368094e-01
7.309365921145138945e-01 2.690634078854861611e-01
1.452132941717937701e-04 9.998547867058281691e-01
2.642554849646484792e-204 1.000000000000000000e+00
1.372157591128608425e-208 1.000000000000000000e+00
9.969662857047814075e-01 3.033714295218604626e-03
9.999999977200522139e-01 2.279947869332832507e-09
9.999999999884408020e-01 1.155924779562704708e-11
9.999627942200924879e-01 3.720577990738153549e-05
3.339722578318058776e-215 1.000000000000000000e+00
3.637298345157174194e-212 1.000000000000000000e+00
1.990909924581679993e-217 1.000000000000000000e+00
3.164939594219687417e-211 1.000000000000000000e+00
2.715229616257435679e-203 1.000000000000000000e+00
1.736495616159550743e-199 1.000000000000000000e+00
9.988285840806104821e-01 1.171415919389626149e-03
3.437558934159676086e-10 9.999999996562440874e-01
9.999999993404429244e-01 6.595570026319484197e-10
3.843866013055973792e-16 9.999999999999995559e-01
1.688658743174196498e-209 1.000000000000000000e+00
1.685609192237690478e-232 1.000000000000000000e+00
8.862598096349190842e-13 9.999999999991137090e-01
4.590314126616516313e-13 9.999999999995409228e-01
1.384924505625116696e-03 9.986150754943748931e-01
9.999999999996120881e-01 3.879203876621430496e-13
9.999999999837798637e-01 1.622002717257124292e-11
2.818663526924944567e-07 9.999997181336471863e-01
1.000000000000000000e+00 3.334982584928927229e-28
9.999997620802567599e-01 2.379197432368125149e-07
1.405475740420473463e-01 8.594524259579525705e-01
9.603172741019573300e-01 3.968272589804257983e-02
9.999978481788465157e-01 2.151821153432679102e-06
3.998570135968392662e-07 9.999996001429863890e-01
9.999986195962434765e-01 1.380403756616296744e-06
9.999999992804207150e-01 7.195792793134532322e-10
3.541957323941273092e-14 9.999999999999645839e-01
9.592809076101999066e-01 4.071909238980007950e-02
5.171216101546512725e-223 1.000000000000000000e+00
1.679321030074473100e-220 1.000000000000000000e+00
7.779345458644340868e-214 1.000000000000000000e+00
5.262616723118029257e-213 1.000000000000000000e+00
2.274455675147070303e-232 1.000000000000000000e+00
3.600129024477595797e-21 1.000000000000000000e+00
9.999999646342788706e-01 3.536572113397523526e-08
9.999999471481574309e-01 5.285184261447618532e-08
9.881517846397904759e-01 1.184821536020945476e-02
9.999999999999382716e-01 6.183865531027979532e-14
1.043071763323645041e-07 9.999998956928236593e-01
8.735631554520443233e-09 9.999999912643685596e-01
9.514940455173271590e-16 9.999999999999991118e-01
1.800256446427440667e-215 1.000000000000000000e+00
8.840387155650449857e-01 1.159612844349550281e-01
2.271273046833073531e-11 9.999999999772872794e-01
1.247975485765947720e-04 9.998752024514233616e-01
6.523599664299928243e-227 1.000000000000000000e+00
1.410762101927811865e-224 1.000000000000000000e+00
1.122789530703571830e-221 1.000000000000000000e+00
1.317094323222059701e-205 1.000000000000000000e+00
3.281692509870705814e-225 1.000000000000000000e+00
3.090981226801655224e-232 1.000000000000000000e+00
5.462834273472906559e-221 1.000000000000000000e+00
1.010825395590650580e-205 1.000000000000000000e+00
1.644023962588637441e-202 1.000000000000000000e+00
7.209882480707485719e-01 2.790117519292513726e-01
9.798609078546967909e-07 9.999990201390922540e-01
9.848821489179621080e-01 1.511785108203789023e-02
9.817272831398009547e-01 1.827271686019904876e-02
9.992635315469640123e-01 7.364684530360004209e-04
8.921342805371972329e-01 1.078657194628027810e-01
2.542708401911275714e-04 9.997457291598089713e-01
9.999980630055969044e-01 1.936994403100290362e-06
9.999999999999170663e-01 8.301908239948542012e-14
1.491737268523580066e-206 1.000000000000000000e+00
8.607072216492068423e-231 1.000000000000000000e+00
2.313482416441031185e-216 1.000000000000000000e+00
6.706843805388048585e-01 3.293156194611950305e-01
1.474226291661790897e-07 9.999998525773708957e-01
1.258464806722056064e-03 9.987415351932779073e-01
9.999999999950069940e-01 4.992982359282156898e-12
1.000000000000000000e+00 1.451079049498652653e-20
1.464208978163131176e-215 1.000000000000000000e+00
1.757870978076406435e-229 1.000000000000000000e+00
1.409149620514267754e-232 1.000000000000000000e+00
4.846728335598278682e-27 1.000000000000000000e+00
5.991267816977545753e-230 1.000000000000000000e+00
6.572841576174339217e-225 1.000000000000000000e+00
1.893988208777667396e-04 9.998106011791221270e-01
9.999951183206583494e-01 4.881679341581935895e-06
9.999999997687318842e-01 2.312680569041173620e-10
4.408600339337114260e-01 5.591399660662884630e-01
1.949832088928549780e-12 9.999999999980501153e-01
1.101835942153704870e-07 9.999998898164057515e-01
1.386916312973225776e-18 1.000000000000000000e+00
8.143602470465271926e-06 9.999918563975295216e-01
2.839423016239771754e-12 9.999999999971604936e-01
9.999884675822690028e-01 1.153241773103385332e-05
5.042788509959262523e-20 1.000000000000000000e+00
2.412530660224515260e-05 9.999758746933976594e-01
1.000000000000000000e+00 3.288648140688567717e-18
1.256656028126371394e-01 8.743343971873628329e-01
4.559381037873453391e-01 5.440618962126547720e-01
9.999999986507558392e-01 1.349244185253690624e-09
3.123130119987791464e-220 1.000000000000000000e+00
2.580585164962405064e-06 9.999974194148351092e-01
1.910047274730986259e-17 1.000000000000000000e+00
2.187000415558998579e-13 9.999999999997813971e-01
9.113158038368645344e-08 9.999999088684196069e-01
9.999999999986928234e-01 1.307112722340157755e-12
1.367484841325219969e-02 9.863251515867478281e-01
1.023081862679488370e-227 1.000000000000000000e+00
5.590216516419320770e-242 1.000000000000000000e+00
4.232639181734094408e-197 1.000000000000000000e+00
5.359231258384796024e-217 1.000000000000000000e+00
5.801797468139685933e-210 1.000000000000000000e+00
2.667465099203446720e-13 9.999999999997332134e-01
1.111812263220390204e-219 1.000000000000000000e+00
6.575503752078343868e-195 1.000000000000000000e+00
3.764010645765069821e-199 1.000000000000000000e+00
6.041595870642876540e-214 1.000000000000000000e+00
8.001490979768978945e-220 1.000000000000000000e+00
1.860165050391133148e-218 1.000000000000000000e+00
2.621921784954061414e-221 1.000000000000000000e+00
1.508555705177572872e-251 1.000000000000000000e+00
5.321514700865147317e-198 1.000000000000000000e+00
6.302434881806431728e-210 1.000000000000000000e+00
3.253789889072828559e-221 1.000000000000000000e+00
2.624393034208615805e-217 1.000000000000000000e+00
2.288297336174814957e-225 1.000000000000000000e+00
7.172073928138310919e-225 1.000000000000000000e+00
2.089729326365066083e-212 1.000000000000000000e+00
6.782852437461347578e-217 1.000000000000000000e+00
1.000000000000000000e+00 8.962274958728331724e-21
9.999993530614532666e-01 6.469385466367077458e-07
9.999999917713795483e-01 8.228620323030964964e-09
1.059613523789423552e-15 9.999999999999990008e-01
4.823198143428848970e-13 9.999999999995177191e-01
3.785336631355010829e-242 1.000000000000000000e+00
7.122934481289189437e-212 1.000000000000000000e+00
2.940456956069927663e-218 1.000000000000000000e+00
3.533972889169768649e-226 1.000000000000000000e+00
3.567748806204946481e-204 1.000000000000000000e+00
3.222891976468088361e-213 1.000000000000000000e+00
2.015361192949115430e-208 1.000000000000000000e+00
3.648602348862244327e-01 6.351397651137755673e-01
1.389316657742775368e-15 9.999999999999986677e-01
9.999999992283185035e-01 7.716815119583124349e-10
6.965182905057514251e-01 3.034817094942486304e-01
2.743495210001360541e-13 9.999999999997256639e-01
6.349294168848513372e-224 1.000000000000000000e+00
2.830338352874719732e-217 1.000000000000000000e+00
1.050699270193376620e-06 9.999989493007298558e-01
2.014311286454802309e-05 9.999798568871354210e-01
1.122189430450961159e-02 9.887781056954902947e-01
9.939263415182918449e-01 6.073658481708143000e-03
9.999989811808660534e-01 1.018819134031059052e-06
3.545737477102925407e-192 1.000000000000000000e+00
7.935093357528460194e-230 1.000000000000000000e+00
1.779402968551506955e-205 1.000000000000000000e+00
6.481796297228678347e-226 1.000000000000000000e+00
2.327417775355238992e-223 1.000000000000000000e+00
1.095030754968852622e-217 1.000000000000000000e+00
2.688935484377906506e-226 1.000000000000000000e+00
1.193916095683622914e-235 1.000000000000000000e+00
4.581567086447549123e-229 1.000000000000000000e+00
5.683267878561206987e-15 9.999999999999943379e-01
7.158213876597331656e-198 1.000000000000000000e+00
4.409224279949679527e-232 1.000000000000000000e+00
3.064943250558580066e-214 1.000000000000000000e+00
4.229121332595238266e-227 1.000000000000000000e+00
1.381933112068985545e-226 1.000000000000000000e+00
1.901713959752620864e-211 1.000000000000000000e+00
1.017150223384355995e-217 1.000000000000000000e+00
6.847653300626346836e-241 1.000000000000000000e+00
5.795664002598508943e-222 1.000000000000000000e+00
8.242437775178567976e-216 1.000000000000000000e+00
1.163977331368038522e-224 1.000000000000000000e+00
2.614413230856849169e-223 1.000000000000000000e+00
2.245453985175237546e-234 1.000000000000000000e+00
1.775509444790220242e-203 1.000000000000000000e+00
1.536928713819789471e-241 1.000000000000000000e+00
6.070945313769882806e-04 9.993929054686230273e-01
8.751702200218536733e-09 9.999999912482977482e-01
1.000000000000000000e+00 1.530506146900904588e-22
1.000000000000000000e+00 6.290651827219515287e-20
2.622414632276372138e-215 1.000000000000000000e+00
4.620961108763385764e-208 1.000000000000000000e+00
9.999999998815098934e-01 1.184900576986365870e-10
3.390059628696669310e-08 9.999999660994036699e-01
9.999874818934427756e-01 1.251810655730666194e-05
3.269849233890278417e-06 9.999967301507661777e-01
7.440908630283351588e-01 2.559091369716647857e-01
9.999999999929722883e-01 7.027818096570530537e-12
2.869527466486985562e-18 1.000000000000000000e+00
9.999999999935267336e-01 6.473150844150762162e-12
4.289590435163610034e-06 9.999957104095649196e-01
2.598932701471903640e-05 9.999740106729853029e-01
4.099848813719090512e-13 9.999999999995901057e-01
9.999829617970585893e-01 1.703820294136518826e-05
9.999999995040511624e-01 4.959489081616185227e-10
8.547893829789321895e-11 9.999999999145211538e-01
2.455943262410429710e-19 1.000000000000000000e+00
9.216560161228335097e-04 9.990783439838771818e-01
3.573443139064045788e-20 1.000000000000000000e+00
5.810502511803279304e-218 1.000000000000000000e+00
4.784025853711160795e-205 1.000000000000000000e+00
6.794104317754996458e-01 3.205895682245002987e-01
2.571930281474534286e-01 7.428069718525465159e-01
8.371562948820169495e-04 9.991628437051179867e-01
1.786040107708614665e-240 1.000000000000000000e+00
7.119204571301556447e-206 1.000000000000000000e+00
7.728149612386593598e-217 1.000000000000000000e+00
2.541178125381886134e-215 1.000000000000000000e+00
3.394754653372825822e-16 9.999999999999995559e-01
9.984791624304273361e-01 1.520837569572778625e-03
3.571171995987939226e-13 9.999999999996429523e-01
9.130994435774388256e-211 1.000000000000000000e+00
4.682973379391186389e-221 1.000000000000000000e+00
2.581636080796134919e-210 1.000000000000000000e+00
3.412351363690954104e-213 1.000000000000000000e+00
1.623741554089280886e-10 9.999999998376258858e-01
5.730638416035236382e-01 4.269361583964763618e-01
9.999999981309033448e-01 1.869096599521489085e-09
9.999999980586287140e-01 1.941371335690188893e-09
1.000000000000000000e+00 1.450195273524498339e-20
9.999167939124044002e-01 8.320608759552374618e-05
3.607698420982210109e-227 1.000000000000000000e+00
3.461863428468821199e-222 1.000000000000000000e+00
5.003112893416279009e-215 1.000000000000000000e+00
3.762067617083066432e-217 1.000000000000000000e+00
1.193237290186168897e-233 1.000000000000000000e+00
1.275133771221304435e-239 1.000000000000000000e+00
7.424760934184003467e-16 9.999999999999992228e-01
1.560008176634531118e-01 8.439991823365468049e-01
9.999998576298247954e-01 1.423701751750689483e-07
4.881897588846473269e-04 9.995118102411152394e-01
9.866503113899618427e-01 1.334968861003816773e-02
9.999999999923873117e-01 7.612674174475241245e-12
3.730450394645405936e-03 9.962695496053545208e-01
2.122224873618089452e-05 9.999787777512638698e-01
8.862918676549047468e-06 9.999911370813234779e-01
9.068648899640763478e-04 9.990931351100358349e-01
5.430747902681432779e-06 9.999945692520973983e-01
9.999999993274401033e-01 6.725598290734793069e-10
9.999988916486358681e-01 1.108351364189399975e-06
9.999999999730880829e-01 2.691195906730348652e-11
9.999999999997168931e-01 2.831254876808598264e-13
9.999993622847906938e-01 6.377152092389757946e-07
9.999999999999923395e-01 7.643020222456481359e-15
9.955450045766038869e-01 4.454995423396198098e-03
8.324812310436738381e-204 1.000000000000000000e+00
7.433994923114889620e-203 1.000000000000000000e+00
5.020934149203950813e-239 1.000000000000000000e+00
2.047941271382784153e-205 1.000000000000000000e+00
9.996385411658926801e-01 3.614588341072309786e-04
1.064803541007397725e-201 1.000000000000000000e+00
2.786056359798994719e-226 1.000000000000000000e+00
9.999999993053585445e-01 6.946414116855268747e-10
9.999999999999874545e-01 1.261987002030990923e-14
9.999260948045330943e-01 7.390519546695947697e-05
9.994268994082489144e-01 5.731005917511811489e-04
5.651516881417067472e-205 1.000000000000000000e+00
5.945303195183589010e-207 1.000000000000000000e+00
3.280074548735166937e-238 1.000000000000000000e+00
1.154841652329858655e-205 1.000000000000000000e+00
5.215080862564523665e-213 1.000000000000000000e+00
2.763220154302461257e-194 1.000000000000000000e+00
1.966721103104733357e-228 1.000000000000000000e+00
1.224067092284028168e-236 1.000000000000000000e+00
9.040275856997275714e-225 1.000000000000000000e+00
6.936390097318645562e-209 1.000000000000000000e+00
5.075988074763264603e-192 1.000000000000000000e+00
2.466804912445120287e-03 9.975331950875548914e-01
9.999999999944947371e-01 5.505305870736741957e-12
4.217291847151013851e-218 1.000000000000000000e+00
1.239399359958412071e-232 1.000000000000000000e+00
2.646759756152785146e-245 1.000000000000000000e+00
2.092413108493369235e-03 9.979075868915066039e-01
9.467221107595507552e-06 9.999905327788923826e-01
1.104439246714198019e-227 1.000000000000000000e+00
1.127979233252459321e-224 1.000000000000000000e+00
9.999995109823766049e-01 4.890176233418790949e-07
1.000000000000000000e+00 9.777746712834998185e-21
1.867290344305281903e-203 1.000000000000000000e+00
1.261361838055680527e-213 1.000000000000000000e+00
6.742112686676276296e-223 1.000000000000000000e+00
7.625025060378406978e-225 1.000000000000000000e+00
1.436824281953886993e-207 1.000000000000000000e+00
9.999999999999854561e-01 1.449956624443193785e-14
9.869594088138403665e-01 1.304059118615952771e-02
8.174015169803623985e-05 9.999182598483018491e-01
9.999999999963515851e-01 3.648389160965673959e-12
9.999991853370284733e-01 8.146629715787439908e-07
4.188662674094675546e-09 9.999999958113372500e-01
9.999995641525850631e-01 4.358474148649373888e-07
1.000000000000000000e+00 4.876568386985678907e-21
3.581213032655511764e-17 1.000000000000000000e+00
5.041257611072448838e-229 1.000000000000000000e+00
4.123927476222014389e-225 1.000000000000000000e+00
2.046835813571472798e-236 1.000000000000000000e+00
1.218213152766174816e-218 1.000000000000000000e+00
1.339019942123811820e-218 1.000000000000000000e+00
8.792445866287557088e-02 9.120755413371244291e-01
9.999999998643137600e-01 1.356862485970349821e-10
9.999999999999987788e-01 1.298886251734837240e-15
9.999955899586090435e-01 4.410041390802043350e-06
2.175926305707344438e-19 1.000000000000000000e+00
2.951243610417554677e-16 9.999999999999997780e-01
9.977501076091598309e-01 2.249892390840049425e-03
1.610532909057790861e-06 9.999983894670909645e-01
4.893702973353630543e-08 9.999999510629702382e-01
1.784565819425137742e-213 1.000000000000000000e+00
9.999962134715812967e-01 3.786528418628569642e-06
1.141436392716987797e-01 8.858563607283012065e-01
9.987014357126944297e-01 1.298564287305604753e-03
9.999999999989366284e-01 1.063411388991326474e-12
1.497900668604887166e-06 9.999985020993313878e-01
5.362663836896355699e-06 9.999946373361630059e-01
9.825347414926207668e-01 1.746525850737933733e-02
9.997029334974272263e-01 2.970665025728480482e-04
7.839471796617349941e-01 2.160528203382650336e-01
5.753673587713169686e-202 1.000000000000000000e+00
2.678332219046604801e-218 1.000000000000000000e+00
9.999572455308134433e-01 4.275446918660956490e-05
2.180547072670134869e-213 1.000000000000000000e+00
6.359462701896241500e-07 9.999993640537296891e-01
9.521360039295199140e-01 4.786399607048003740e-02
9.999999983429704864e-01 1.657029434078900143e-09
1.075692411699180279e-07 9.999998924307589299e-01
3.962285829941706302e-27 1.000000000000000000e+00
9.087720185371044312e-01 9.122798146289551324e-02
9.996279662522163934e-01 3.720337477835787316e-04
9.999814500054002853e-01 1.854999459969764667e-05
1.120515514444444686e-232 1.000000000000000000e+00
1.610520356476266389e-221 1.000000000000000000e+00
1.697004564117860546e-195 1.000000000000000000e+00
9.999327590629989437e-01 6.724093700097320337e-05
5.295157693819384920e-02 9.470484230618062549e-01
9.999808961817983066e-01 1.910381820174640989e-05
1.233242941704664252e-12 9.999999999987666532e-01
9.998682865228681882e-01 1.317134771318766422e-04
4.429369518679590438e-03 9.955706304813204399e-01
4.313462979669491909e-03 9.956865370203306087e-01
1.695444866495651975e-05 9.999830455513351035e-01
1.000000000000000000e+00 1.546401722891870662e-24
9.267470856140599400e-01 7.325291438594004612e-02
9.198451326686492013e-01 8.015486733135081254e-02
9.999868178518247497e-01 1.318214817522719998e-05
9.999999999999970024e-01 3.043388779219060205e-15
9.999999995869927050e-01 4.130072807016039302e-10
9.999999999999962252e-01 3.841984235835459895e-15
9.999999999997205569e-01 2.793642588980658727e-13
4.208963678000121373e-200 1.000000000000000000e+00
1.960006833583263007e-17 1.000000000000000000e+00
1.757219412293258072e-08 9.999999824278058558e-01
2.886087044382172435e-191 1.000000000000000000e+00
2.493288354848831878e-01 7.506711645151168399e-01
2.599256270169920893e-211 1.000000000000000000e+00
8.938945783712165096e-208 1.000000000000000000e+00
8.027287333867454638e-245 1.000000000000000000e+00
4.046376537363070673e-04 9.995953623462636717e-01
5.717374477948065220e-02 9.428262552205193270e-01
9.999999994989233754e-01 5.010765275610777549e-10
1.156516728458204755e-218 1.000000000000000000e+00
2.710341014075871069e-213 1.000000000000000000e+00
1.224495323524437037e-202 1.000000000000000000e+00
1.912112051568998436e-206 1.000000000000000000e+00
1.471686930594339438e-234 1.000000000000000000e+00
6.200066159239777663e-206 1.000000000000000000e+00
1.021186033943160475e-196 1.000000000000000000e+00
1.560052215476691962e-204 1.000000000000000000e+00
7.442442498161158104e-01 2.557557501838841896e-01
1.000000000000000000e+00 4.770865140410087905e-20
2.936782464295500546e-200 1.000000000000000000e+00
7.450286795916284016e-185 1.000000000000000000e+00
1.716419590529871103e-06 9.999982835804095416e-01
9.999999999999956701e-01 4.364106852992906330e-15
9.999999999999998890e-01 1.641636860406568420e-16
9.658492207461449874e-01 3.415077925385506807e-02
9.999395712985393869e-01 6.042870146067781044e-05
1.000000000000000000e+00 5.702614198951897943e-30
4.727605447490546564e-01 5.272394552509452881e-01
9.999999999999992228e-01 7.317588071917764646e-16
9.999807419584033630e-01 1.925804159674903611e-05
8.922268995133066307e-212 1.000000000000000000e+00
1.673362062530759839e-227 1.000000000000000000e+00
6.352708763169119255e-01 3.647291236830881300e-01
1.059797044278355656e-12 9.999999999989402921e-01
8.529028615182297333e-215 1.000000000000000000e+00
1.099454724738467056e-222 1.000000000000000000e+00
9.999999999765184500e-01 2.348155750632215448e-11
9.235464709602108638e-13 9.999999999990765165e-01
1.000000000000000000e+00 2.297560224331825620e-17
1.836553923830768278e-02 9.816344607616923623e-01
9.806136480167694236e-01 1.938635198323055905e-02
6.894155853346753404e-03 9.931058441466533715e-01
9.999999202693814482e-01 7.973061844649927506e-08
7.044965397258145244e-210 1.000000000000000000e+00
1.892252602675709197e-222 1.000000000000000000e+00
5.023885210556130326e-231 1.000000000000000000e+00
9.976417619971748030e-01 2.358238002825198323e-03
9.973539561768088868e-01 2.646043823191060722e-03
9.999902614215790964e-01 9.738578420905572548e-06
5.140782396015683431e-02 9.485921760398431379e-01
2.356178419326092908e-18 1.000000000000000000e+00
6.535708493022577281e-01 3.464291506977422164e-01
6.859305213818860381e-01 3.140694786181139064e-01
1.000000000000000000e+00 2.666736242376469258e-18
1.095812396243205220e-21 1.000000000000000000e+00
3.130016270781930520e-03 9.968699837292180899e-01
7.178347105702583491e-11 9.999999999282165319e-01
1.366641198350893687e-06 9.999986333588016807e-01
9.999999999985456078e-01 1.454426146384582256e-12
2.649518815432799068e-05 9.999735048118456593e-01
1.248885520970060889e-19 1.000000000000000000e+00
6.187413812089904708e-01 3.812586187910095847e-01
2.665847544766754978e-215 1.000000000000000000e+00
5.512382202520114020e-208 1.000000000000000000e+00
3.955385588841431766e-234 1.000000000000000000e+00
3.638249954804363038e-201 1.000000000000000000e+00
8.489557225055297584e-213 1.000000000000000000e+00
1.637924458414078184e-225 1.000000000000000000e+00
4.340505601372801864e-206 1.000000000000000000e+00
1.168672654856426725e-228 1.000000000000000000e+00
7.762325315835409773e-06 9.999922376746841479e-01
9.999999669696451043e-01 3.303035490549163978e-08
1.000000000000000000e+00 2.807299562489634935e-19
2.413446582217642685e-08 9.999999758655342408e-01
1.100214183562334145e-07 9.999998899785815798e-01
9.999025812620685461e-01 9.741873793156297708e-05
1.324052922660505585e-230 1.000000000000000000e+00
1.013297044320517262e-221 1.000000000000000000e+00
3.218277327059976127e-204 1.000000000000000000e+00
1.293274343099673609e-211 1.000000000000000000e+00
9.999999999985225152e-01 1.477514773718289055e-12
9.809471475655894279e-01 1.905285243441064147e-02
9.999999999999685807e-01 3.136042342820130194e-14
2.551043967638391141e-01 7.448956032361608859e-01
9.998787274265822367e-01 1.212725734176897690e-04
1.143075697931851464e-15 9.999999999999987788e-01
1.055579326279642193e-12 9.999999999989443999e-01
1.370637132961941512e-06 9.999986293628670975e-01
9.999963522822792328e-01 3.647717720720554984e-06
5.283722713427044272e-13 9.999999999994716449e-01
9.999999999999776845e-01 2.228629326463525567e-14
9.999999968515426163e-01 3.148457359142381963e-09
9.837251492377523193e-11 9.999999999016274677e-01
1.216384083454832860e-251 1.000000000000000000e+00
1.957902214528105760e-217 1.000000000000000000e+00
8.078045342212374484e-220 1.000000000000000000e+00
7.004259494064490297e-242 1.000000000000000000e+00
7.003142381708071084e-208 1.000000000000000000e+00
5.160302424533519628e-219 1.000000000000000000e+00
7.345930328412351923e-212 1.000000000000000000e+00
3.158259305631613089e-215 1.000000000000000000e+00
2.684383003081812183e-217 1.000000000000000000e+00
4.908721879871809359e-214 1.000000000000000000e+00
5.270350256913886194e-208 1.000000000000000000e+00
9.387275530767517989e-238 1.000000000000000000e+00
2.330627229505944482e-212 1.000000000000000000e+00
9.932701765576943310e-210 1.000000000000000000e+00
7.695165679185336599e-213 1.000000000000000000e+00
1.690469402427814643e-195 1.000000000000000000e+00
3.102724484187952094e-223 1.000000000000000000e+00
9.942930557721578744e-01 5.706944227842017207e-03
5.159434597455923051e-15 9.999999999999947820e-01
5.180752942244826103e-08 9.999999481924705114e-01
5.592741610593359169e-01 4.407258389406640831e-01
9.999938479854876272e-01 6.152014512341626862e-06
5.115179742366565298e-224 1.000000000000000000e+00
2.360081505837940030e-207 1.000000000000000000e+00
5.390221779138307954e-256 1.000000000000000000e+00
2.776818912847877773e-224 1.000000000000000000e+00
1.461959991680265920e-209 1.000000000000000000e+00
5.243922765656656908e-229 1.000000000000000000e+00
3.273210453086479604e-230 1.000000000000000000e+00
1.827629720635874531e-198 1.000000000000000000e+00
1.533485668148676341e-222 1.000000000000000000e+00
2.497040848331423874e-208 1.000000000000000000e+00
6.478889617437367702e-213 1.000000000000000000e+00
8.423756362827329446e-220 1.000000000000000000e+00
6.362179738655244555e-227 1.000000000000000000e+00
1.000000000000000000e+00 1.105719415445152829e-18
6.364433119668780371e-15 9.999999999999935607e-01
9.999999999998120392e-01 1.879497153806016618e-13
9.999837773177167044e-01 1.622268228339484602e-05
8.642167123119152139e-01 1.357832876880848139e-01
4.106885179938987024e-02 9.589311482006102061e-01
7.489895094472569749e-12 9.999999999925101024e-01
3.730351779507978806e-222 1.000000000000000000e+00
9.426166216549443327e-231 1.000000000000000000e+00
6.915055410536861348e-235 1.000000000000000000e+00
2.200668033039075820e-202 1.000000000000000000e+00
2.546334496708710445e-204 1.000000000000000000e+00
9.999891454806304480e-01 1.085451936945308413e-05
5.515368413214566390e-03 9.944846315867854614e-01
8.060350840893358088e-212 1.000000000000000000e+00
1.364938444563605518e-06 9.999986350615555075e-01
2.510582136392384284e-03 9.974894178636076747e-01
9.999999999994607647e-01 5.392764102042612339e-13
3.811761468331311548e-03 9.961882385316686017e-01
9.993019677242916954e-01 6.980322757082411912e-04
1.616616615730313054e-12 9.999999999983834043e-01
1.219470694923671172e-207 1.000000000000000000e+00
7.917446571634182417e-01 2.082553428365818415e-01
2.515613673830516018e-09 9.999999974843862827e-01
9.998567258263763025e-01 1.432741736236311353e-04
9.999997783864735812e-01 2.216135264652007280e-07
1.630130866245031996e-09 9.999999983698691919e-01
1.078973667601300368e-01 8.921026332398700465e-01
1.005641112521485185e-02 9.899435888747852852e-01
9.986120196140624294e-01 1.387980385937622168e-03
2.921686212121052655e-03 9.970783137878789226e-01
6.462592634384203838e-02 9.353740736561579894e-01
3.231442177118659791e-227 1.000000000000000000e+00
7.103864741196911217e-216 1.000000000000000000e+00
4.500609570031771558e-233 1.000000000000000000e+00
3.366204959090352518e-226 1.000000000000000000e+00
2.607093554001083955e-211 1.000000000000000000e+00
2.715103578523983541e-01 7.284896421476017014e-01
4.250749721492901312e-01 5.749250278507098688e-01
2.366188784967658276e-01 7.633811215032342279e-01
5.017131001756158781e-01 4.982868998243841219e-01
1.597595694676555069e-08 9.999999840240431093e-01
1.129952970335976790e-213 1.000000000000000000e+00
4.236097155150623977e-225 1.000000000000000000e+00
3.154072172463719504e-241 1.000000000000000000e+00
1.553572837583787349e-234 1.000000000000000000e+00
4.099066457714136992e-239 1.000000000000000000e+00
1.911826413428443449e-223 1.000000000000000000e+00
4.380208770441210493e-236 1.000000000000000000e+00
6.678309476420548618e-01 3.321690523579450827e-01
1.322208168424952634e-13 9.999999999998678835e-01
1.000000000000000000e+00 5.267708930465276121e-30
9.999980473632195110e-01 1.952636780427373186e-06
9.882647042744800991e-01 1.173529572551988177e-02
9.996444571627142173e-01 3.555428372857475489e-04
9.999707496644060223e-01 2.925033559404163026e-05
9.999999995274407860e-01 4.725592097299141213e-10
9.998248252748315190e-01 1.751747251685456823e-04
1.254061384254646518e-07 9.999998745938616374e-01
9.999999999988176125e-01 1.182373043367193373e-12
9.195181729306708057e-18 1.000000000000000000e+00
9.789276863669136297e-01 2.107231363308640845e-02
9.999611893206984403e-01 3.881067930154261130e-05
9.999999999999946709e-01 5.341349008274579062e-15
9.994057213282360186e-01 5.942786717639785953e-04
9.999295779029510056e-01 7.042209704887086321e-05
1.999888179878983737e-05 9.999800011182012893e-01
7.189889920696844738e-01 2.810110079303155817e-01
3.132724190071099839e-224 1.000000000000000000e+00
3.009947153055202663e-230 1.000000000000000000e+00
1.393136215533686605e-210 1.000000000000000000e+00
7.956129370536446073e-234 1.000000000000000000e+00
5.786402661904574017e-06 9.999942135973381996e-01
8.518445517647738633e-213 1.000000000000000000e+00
6.402534298779117726e-201 1.000000000000000000e+00
3.745841343722222519e-227 1.000000000000000000e+00
2.248424497035512977e-215 1.000000000000000000e+00
1.369118486939952652e-233 1.000000000000000000e+00
9.993516829783752886e-01 6.483170216247970390e-04
7.378389034356779312e-04 9.992621610965642942e-01
9.644008065925245843e-01 3.559919340747537408e-02
9.999999999501419934e-01 4.985806052373602320e-11
1.000000000000000000e+00 9.696074601788728354e-17
2.175529274615409105e-11 9.999999999782446247e-01
3.013591967116873963e-13 9.999999999996986855e-01
3.726047064090350358e-01 6.273952935909650197e-01
8.601603647417448151e-02 9.139839635258255601e-01
4.197254347023899289e-03 9.958027456529761068e-01
5.353278102308588790e-05 9.999464672189769532e-01
9.999999699385853091e-01 3.006141471798324251e-08
1.330911890250189731e-206 1.000000000000000000e+00
3.568974272395321464e-224 1.000000000000000000e+00
1.806565956506996859e-222 1.000000000000000000e+00
2.486113624274062487e-210 1.000000000000000000e+00
3.479412169683841955e-199 1.000000000000000000e+00
6.944651912343100857e-208 1.000000000000000000e+00
7.037049383678937089e-213 1.000000000000000000e+00
9.403713960503401766e-223 1.000000000000000000e+00
5.200773225293333177e-220 1.000000000000000000e+00
2.447325650719301067e-199 1.000000000000000000e+00
9.977475264287888335e-01 2.252473571211267584e-03
9.999999639378122085e-01 3.606218792522482076e-08
3.847472899691658341e-08 9.999999615252709306e-01
1.046888334485284161e-11 9.999999999895311520e-01
1.448751345934025962e-09 9.999999985512486589e-01
7.121310070215400181e-221 1.000000000000000000e+00
3.565306387584673598e-200 1.000000000000000000e+00
4.454300039844561128e-205 1.000000000000000000e+00
9.999999999999996669e-01 2.268852490051757384e-16
3.426615856477678818e-211 1.000000000000000000e+00
1.841240131061521899e-226 1.000000000000000000e+00
2.377491395469804512e-218 1.000000000000000000e+00
9.999999999991682209e-01 8.318238985969382174e-13
9.831453501561351893e-02 9.016854649843865088e-01
1.771639514310916028e-06 9.999982283604857969e-01
3.337245012344896879e-236 1.000000000000000000e+00
2.243766013522814415e-224 1.000000000000000000e+00
